56.789052, 35.910764
55.871703 37.596246
55.8754666 37.5536828
55.7852995 37.6010388
55.715062 37.8728661
55.6233079 37.6739852
55.701973 37.49153
55.7534987 37.6398293
55.6840862 37.4364218
55.8120002 37.8340452
55.8313664 37.6190392
55.7461387 37.405025
55.7444724 37.6497359
55.7240288 37.5684886
55.7841083 37.3550014
55.8436657 37.43752
55.6510648 37.6515905
55.80318 37.513772
55.7303604 37.7461516
55.7346076 37.6647936
55.7674513 37.6273572
55.828152 37.513718
55.7615557 37.5504232
55.5358098 37.5159762
55.8276659 37.514067
55.9991381 37.1898834
55.7558608 37.8288439
55.806034 37.6490844
55.7770198 37.4948877
55.7743678 37.6291772
55.6337841 37.4320323
55.8771107 37.6672596
55.8660397 37.5526649
55.7947271 37.5467355
55.636046 37.645339
55.6802845 37.6892203
55.6736382 37.7944149
55.997557 37.236381
55.551996 37.520276
55.7590607 37.6510526
55.7941164 37.5145438
55.7152474 37.7578088
55.8140562 37.7121345
55.7615276 37.6107686
55.7056304 37.6683836
55.565213 37.493317
55.8033496 37.5824243
55.7725233 37.619921
55.6998882 37.6443228
55.7953828 37.6692188
55.7574882 37.6535629
55.8325218 37.6316012
55.7995936 37.5843207
55.7749916 37.6701664
55.8345614 37.5091336
55.7540471 37.620405
55.7981992 37.7737607
55.970105 37.195835
55.5877182 37.3733923
55.5132146 37.5589763
55.7931668 37.6732997
55.8068264 37.7997624
55.4908616 37.3130489
55.7626759 37.585875
55.7777605 37.6469318
55.7540471 37.620405
55.7099874 37.6088076
55.7342728 37.4220203
55.7061352 37.6689162
55.9326483 37.5544339
55.6787091 37.4531596
55.7034342 37.9465525
55.6707667 37.6147231
55.7591872 37.7522577
55.7068147 37.4610209
55.6947884 37.7485477
55.582197 37.591881
55.7681591 37.6738381
55.863667 37.6203171
55.8505845 37.5344399
55.7760315 37.5576677
55.8666662 37.5250011
55.6720723 37.4253426
55.733274 37.6404266
55.7277573 37.6453039
55.7013774 37.7372303
55.6357983 37.764023
55.7051438 37.6822173
55.8442462 37.4322841
55.9647125 37.1647818
55.7350405 37.4744421
55.7739007 37.6714798
55.7937353 37.5839484
55.7861909 37.5805597
55.6047053 37.6640653
55.7435631 37.5055565
55.7709869 37.685958
55.8122977 37.589331
55.7159086 37.6094204
55.780122 37.632592
55.7362522 37.5894379
55.73109 37.733769
55.7547242 37.7505348
55.7178469 37.6359871
55.347924 37.3924159
55.7608449 37.6467338
55.7621822 37.5690634
55.7826559 37.6326303
55.7951748 37.5111884
55.8076887 37.6536686
55.7442272 37.8015256
55.7600071 37.6015523
55.7780882 37.6892457
55.7861704 37.7227338
55.7598403 37.6566274
55.734327 37.6647135
55.7067867 37.6218706
55.8759188 37.4843952
55.7483021 37.5891907
55.7231826 37.4437092
55.7568288 37.636571
55.7421447 37.6532288
55.795348 37.7779899
55.6734788 37.6120439
55.8894457 37.6144893
55.7066949 37.7010133
55.8019083 37.6032881
55.7204216 37.601629
55.8901712 37.3926006
55.8577391 37.4255646
55.6782294 37.596778
55.6176279 37.4119583
55.668361 37.77511
55.80272 37.550693
55.7409292 37.6590403
55.648931 37.743471
55.863358 37.433508
55.8136081 37.7667592
55.762881 37.6436987
55.7438704 37.8068115
55.7922632 37.6251823
55.682753 37.5932412
55.7437858 37.6571389
55.731572 37.63471
55.9986002 37.1778309
55.7952543 37.6533869
55.7557088 37.6737488
55.7592853 37.7805505
55.7622229 37.6401122
55.7197755 37.6718134
55.6071484 37.4589417
55.671641 37.773062
55.6453766 37.4031807
55.8235329 37.565538
55.7945202 37.56354
55.7327516 37.6534983
55.7242097 37.6368534
55.634144 37.441014
55.8278199 37.6314375
55.7216323 37.55492
55.7273452 37.6305151
55.6673386 37.5247622
55.7924947 37.708418
55.4262209 37.2922912
55.8831481 37.6056769
55.868364 37.583715
55.7498621 37.6489514
55.6725029 37.6282281
55.6042811 37.5347638
55.7609134 37.6315274
55.7219933 37.6076311
55.6718657 37.628405
55.805888 37.7805766
55.8205529 37.5009237
55.7613175 37.6009523
55.859456 37.6221821
55.8773179 37.6262439
55.7855552 37.7193493
55.79934 37.536185
55.798227 37.784255
55.6115746 37.6571053
55.7639366 37.5903499
55.647203 37.7558522
55.8159045 37.5702026
55.8484631 37.5039892
55.800423 37.563314
55.414455 37.192481
55.8090259 37.7046355
55.7684753 37.5719589
55.7709931 37.5872571
55.7540471 37.620405
55.77952 37.547055
55.8835612 37.6457572
55.6029948 37.474336
55.4846387 37.3067639
55.6968753 37.7399323
55.8152998 37.6938617
55.7445541 37.6332618
55.777216 37.85515
55.7409292 37.6590403
55.5448467 37.556326
55.9810791 37.1862436
55.7804528 37.6003098
55.7709274 37.6711868
55.7364006 37.5302212
55.6455204 37.2674625
55.877011 37.585925
55.8103227 37.5578298
55.8034697 37.7146016
55.687012 37.5777642
55.7390438 37.4143382
55.7619068 37.6487621
55.6814085 37.654478
55.7052236 37.6663611
55.7171684 37.4452104
55.7731466 37.6756583
55.6594541 37.6013156
55.6717662 37.6072591
55.6669237 37.7418742
55.7896449 37.4757578
55.654614 37.7273781
55.6808409 37.5698406
55.6768996 37.5411109
55.4984365 37.5092055
55.869511 37.473554
55.7540471 37.620405
55.8401495 37.6757052
55.7411079 37.6822041
55.8395373 37.4088742
55.7540471 37.620405
55.723435 37.778299
55.7107314 37.7706874
55.7540714 37.7773613
55.7631057 37.6349303
55.6146855 37.7185574
55.8407117 37.5483232
55.560543 37.35541
55.74246 37.659203
55.7133379 37.887584
55.588649 37.604448
55.679722 37.54877
55.7714451 37.5823149
55.6944932 37.4225614
55.625186 37.676789
55.4457437 37.272313
55.492936 37.582331
55.7019575 37.788071
55.7756674 37.6432061
55.6759265 37.7719497
55.8097101 37.6003507
55.758985 37.655293
55.744186 37.710566
55.7540471 37.620405
55.6849399 37.7298921
55.7592889 37.7388362
55.767078 37.827769
55.545584 37.483211
55.7358954 37.5916418
55.810393 37.5282214
55.8423324 37.5508698
55.7299357 37.7090597
55.7496208 37.5907955
55.5428105 37.5602212
55.702226 37.7066466
55.6951248 37.7399274
55.66571 37.742483
55.8917745 37.5073983
55.7593447 37.6502263
55.7741474 37.6744178
55.7617804 37.6381171
55.6864464 37.614442
55.7540471 37.620405
55.836156 37.4094091
55.7741035 37.5897818
55.4910891 37.3119123
55.6347969 37.7725029
55.7385233 37.6925828
55.7607171 37.6490699
55.7824725 37.6603961
55.6966161 37.5071254
55.8716946 37.5515212
55.7540471 37.620405
55.7016914 37.6172763
55.829062 37.650909
55.7513005 37.6311565
55.7614835 37.6314125
55.6478355 37.6276492
55.7660921 37.6789305
55.7799176 37.6000754
55.7752086 37.5971906
55.6448492 37.5101893
55.5473885 37.5259743
55.7808243 37.8299143
55.7264155 37.6875367
55.7695658 37.4909362
55.8457985 37.4822998
55.6431884 37.3651294
55.6832374 37.56413
55.7292086 37.5412584
55.7558356 37.6985949
55.7443598 37.6498699
55.8279813 37.5227619
55.7592116 37.6657424
55.702333 37.531821
55.8636301 37.6073967
55.970882 37.159836
55.8192198 37.50711
55.5916852 37.4736866
55.7569729 37.5536836
55.73047 37.4158713
55.734557 37.6622648
55.7330742 37.6630534
55.7115904 37.7553054
55.875965 37.588108
55.8163739 37.6399486
55.616117 37.276029
55.868302 37.6711291
55.7512031 37.7331506
55.7262729 37.7698066
55.7177232 37.6045271
55.6783866 37.6535517
55.8440735 37.3643457
55.74375 37.610727
55.7733431 37.6439696
55.620947 37.473815
55.8939958 37.5251726
55.7739369 37.5212879
55.5914984 37.3680363
55.670754 37.5697751
55.85538 37.695885
55.8906865 37.5317811
55.8044495 37.4145011
55.7393926 37.4305923
55.88198 37.547656
55.814143 37.634272
55.7919325 37.6523801
55.7401941 37.6103979
55.6277034 37.764738
55.7185263 37.6628092
55.539324 37.1880172
55.823677 37.6680241
55.7538664 37.5883331
55.7587387 37.6053082
55.8563322 37.4712842
55.638739 37.696867
55.9840378 37.2145695
55.8009597 37.5181245
55.6577555 37.76134
55.7246447 37.5802001
55.7442611 37.7891568
55.7893475 37.7790804
55.7526725 37.6332281
55.7554985 37.5657234
55.7140752 37.4359212
55.7302356 37.6264998
55.7722275 37.6194797
55.8307501 37.5977449
55.6618252 37.5934315
55.8167115 37.6965968
55.7456793 37.721394
55.6742966 37.7483957
55.714303 37.880563
55.6040728 37.4830088
55.7990254 37.5297946
55.7207436 37.4539372
55.8737941 37.5391112
55.5899036 37.3687336
55.635878 37.429596
55.636839 37.333238
55.7348289 37.5181511
55.6086826 37.5925548
55.7352458 37.6713965
55.8184581 37.4479696
55.8308907 37.3595929
55.6575834 37.775759
55.7776923 37.5579057
55.8768347 37.6690998
55.824762 37.5106885
55.8055713 37.7590365
55.6953156 37.5888045
55.7439829 37.8665494
55.9984646 37.2118165
55.9938209 37.2263653
55.6818043 37.7620032
55.8245601 37.7516324
55.8207729 37.6443798
55.711691 37.731901
55.864399 37.6738283
55.7890038 37.5752325
55.7484446 37.5979416
55.7663862 37.6609501
55.8414617 37.5451971
55.7621186 37.6628188
55.6826994 37.6554521
55.7552107 37.5391688
55.7347623 37.6459393
55.7313308 37.6285847
55.799689 37.535359
55.708745 37.7840584
55.6768819 37.746533
55.7301381 37.5902184
55.6052284 37.5909427
55.7577526 37.7812484
55.8026519 37.4912733
55.7155601 37.620326
55.7910939 37.7931576
55.821113 37.591431
55.806732 37.512999
55.78 37.69993
55.8067177 37.5833118
55.7721217 37.618719
55.805533 37.521336
55.7436897 37.4185202
55.6549243 37.7590236
55.65762 37.5293994
55.595496 37.342975
55.8176235 37.6412142
55.5116793 37.5717826
55.8418461 37.5437983
55.7504078 37.4275227
55.8578741 37.5482077
55.7194721 37.6862595
55.8071801 37.7103915
55.7671303 37.6773426
55.6092385 37.7226239
55.7551751 37.5643243
55.8928923 37.6630706
55.7183204 37.7164224
55.7623004 37.6421588
55.7309045 37.5921667
55.6972805 37.7975054
55.7589227 37.7392606
55.8335681 37.6556826
55.7936703 37.5450173
55.6453824 37.6279561
55.6435143 37.6648104
55.798348 37.8108
55.6951052 37.5301361
55.715065 37.8918819
55.8308907 37.3595929
55.665566 37.6990251
55.6504895 37.5228688
55.721275 37.726612
55.8553607 37.4847478
55.8132649 37.4917563
55.9732166 37.1824654
55.7074299 37.5758634
55.862863 37.66176
55.6554985 37.7742898
55.7095846 37.4707487
55.6285538 37.6003411
55.7207713 37.7536627
55.67458 37.7347877
55.5814731 37.6360274
55.7321565 37.6356478
55.8453058 37.3465145
55.633897 37.628406
55.817588 37.596642
55.8296428 37.4704841
55.7540471 37.620405
55.67659 37.599822
55.7966178 37.8177946
55.6038792 37.3386896
55.8037323 37.8170674
55.7585842 37.6355625
55.7047378 37.4041229
55.7224403 37.6227302
55.618125 37.5095863
55.875051 37.599929
55.7367971 37.5888476
55.7392659 37.5494293
55.7813305 37.5835935
55.6971693 37.5785134
55.7177098 37.6220163
55.5861337 37.6756622
55.643779 37.474255
55.8409432 37.4952775
55.7034925 37.5079193
55.680072 37.424111
55.8674095 37.6258787
55.7774443 37.7144065
55.7481358 37.5866192
55.566639 37.481963
55.6065322 37.4582625
55.5885648 37.4477454
55.7461459 37.5985773
55.7589723 37.7369638
55.7938364 37.587727
55.7027271 37.6708661
55.6492908 37.7462296
55.8704206 37.6616352
55.662222 37.732656
55.7592713 37.6633959
55.8142097 37.786875
55.7412917 37.5953549
55.8167688 37.8317562
55.7574607 37.6819491
55.726877 37.771732
55.7322383 37.4684367
55.6448979 37.5904672
55.7548596 37.6398104
55.7405013 37.6620153
55.7221594 37.627892
55.732344 37.5895978
55.7733607 37.6782646
55.675301 37.610566
55.704778 37.6251
55.706333 37.6608199
55.7250452 37.4180221
55.7209055 37.4359688
55.776365 37.535017
55.6877076 37.5506925
55.7209761 37.4214604
55.710951 37.509092
55.7579341 37.7001833
55.7923527 37.6076446
55.80242 37.4121377
55.7901571 37.3803969
55.7630275 37.630213
55.7847038 37.4628443
55.8357482 37.5036219
55.867508 37.493362
55.702673 37.630481
55.6944126 37.5921346
55.6771138 37.5757754
55.8639782 37.5544704
55.717705 37.745007
55.743801 37.70594
55.7596433 37.6119117
55.802152 37.7833577
55.771941 37.6847476
55.7540471 37.620405
55.7296237 37.5117306
55.5015465 37.5913668
55.7582573 37.4138856
55.7093405 37.764728
55.7152885 37.6440423
55.7365822 37.5194482
55.6751209 37.5842874
55.6070234 37.460847
55.686929 37.640282
55.7250832 37.4078895
55.8015854 37.4142649
55.7520037 37.6773198
55.7512173 37.5846803
55.7258493 37.6664429
55.8258047 37.5934011
55.678605 37.484559
55.6177094 37.7193069
55.8184301 37.4949481
55.7058884 37.4063217
55.5976246 37.5427384
55.786971 37.634362
55.7866576 37.6174174
55.8759865 37.5949235
55.7984013 37.385226
55.7174639 37.7940388
55.8883218 37.6275658
55.8362375 37.5507252
55.8894484 37.5889507
55.7432982 37.6224943
55.925707 37.544369
55.7221477 37.6515481
55.599312 37.7379138
55.6864134 37.5850251
55.5650221 37.1819686
55.7251681 37.6861673
55.7855682 37.7369299
55.798635 37.582942
55.763109 37.6150366
55.684782 37.479385
55.6938068 37.742855
55.7109805 37.8758314
55.800261 37.790777
55.760898 37.8032915
55.5739341 37.6737123
55.8881335 37.6934564
55.625471 37.342814
55.6895687 37.4906456
55.7323958 37.6193089
55.5841392 37.6902024
55.62792 37.51202
55.7260573 37.5271804
55.7684618 37.6067793
55.7540471 37.620405
55.623402 37.742276
55.7634368 37.6098136
55.71583 37.7463202
55.7559318 37.6509918
55.7680225 37.6235077
55.5777523 37.569568
55.7632045 37.6338261
55.824956 37.421335
55.6425422 37.6066946
55.7542814 37.8376152
55.7486177 37.7635724
55.695915 37.424902
55.674395 37.6596995
55.7582191 37.4068047
55.7395967 37.6293564
55.725534 37.570501
55.5368336 37.533748
55.6932265 37.4414242
55.4282397 37.2748516
55.7540471 37.620405
55.9788978 37.264328
55.7922011 37.6601151
55.7289 37.562056
55.5799483 37.1083853
55.678113 37.548511
55.8417014 37.4344305
55.7679365 37.5105608
55.7540471 37.620405
55.78255 37.5548511
55.71442 37.9074164
55.7336708 37.4909462
55.7827382 37.5798545
55.6980383 37.5776034
55.734395 37.566611
55.828172 37.482044
55.690402 37.5464598
55.7646541 37.5690386
55.6610703 37.5622361
55.7685229 37.6049395
55.5225125 37.4504743
55.8251853 37.5958696
55.684092 37.621435
55.5892399 37.3762651
55.6845476 37.6867361
55.6708182 37.5281286
55.8550075 37.4642096
55.7815251 37.5826951
55.8843123 37.5984775
55.7041933 37.7687317
55.789245 37.6028675
55.512311 37.563377
55.892811 37.6399428
55.88283 37.55659
55.7227538 37.6276535
55.771672 37.472755
55.7623521 37.6519506
55.7320276 37.3912297
55.7714745 37.6293516
55.6610276 37.5363568
55.7215256 37.7801448
55.8658046 37.4682483
55.7606411 37.6671
55.6173036 37.6073948
55.567484 37.480705
55.6474778 37.4976933
55.8364674 37.4141468
55.677352 37.6155914
55.5737836 37.3540769
55.852325 37.6026761
55.8042653 37.6147051
55.805833 37.4143076
55.6479105 37.7054104
55.6475556 37.6160948
55.7424802 37.4237719
55.7608104 37.6511962
55.815266 37.472027
55.995846 37.208929
55.6835297 37.3380253
55.641512 37.3342922
55.4995437 37.5645462
55.8780683 37.5016536
55.789917 37.563826
55.7442272 37.8015256
55.8416752 37.3579015
55.8515767 37.634154
55.7998184 37.5308108
55.4244105 37.2986924
55.761248 37.591095
55.7838738 37.4636234
55.7348713 37.5908957
55.638252 37.668749
55.8586547 37.4946941
55.7067176 37.6250068
55.6382475 37.7562061
55.6337324 37.7395534
55.6529512 37.7707243
55.8659843 37.6812782
55.7069491 37.7490071
55.838877 37.6262172
55.5877632 37.6619996
55.7238211 37.7013995
55.666152 37.582942
55.8889838 37.6455912
55.7644826 37.6537435
55.8168972 37.7131108
55.7882428 37.5759648
55.6477805 37.7418256
55.7120571 37.7878814
55.7987511 37.5246199
55.7712246 37.6036415
55.8681127 37.4940822
55.5307547 37.4445171
55.7665062 37.6641844
55.6633888 37.5910439
55.7839209 37.7175213
55.4294324 37.2750388
55.656443 37.473662
55.6634958 37.7402475
55.671245 37.611015
55.766559 37.626641
55.731514 37.6243798
55.725483 37.602499
55.644887 37.752957
55.7373486 37.4975961
55.8427832 37.4942322
55.6622912 37.4742812
55.8283201 37.5212563
55.704778 37.493255
55.7718681 37.5984386
55.4781375 37.5374597
55.7972725 37.4602201
55.7476426 37.8005597
55.8225969 37.5073151
55.8443 37.398483
55.544487 37.5609156
55.4300416 37.2755944
55.7714323 37.6142379
55.7565649 37.6688602
55.8643202 37.5921955
55.7338115 37.6343689
55.8780207 37.6705039
55.7604286 37.6507931
55.7933672 37.5912639
55.597012 37.634227
55.662228 37.5257462
55.8380198 37.3853466
55.8371201 37.6456037
55.8904997 37.5914687
55.6635187 37.5192235
55.6524275 37.7381489
55.7988881 37.6310048
55.7141155 37.5672311
55.735905 37.570734
55.755886 37.6947749
55.9823272 37.1730205
55.8123524 37.7075159
55.7700589 37.6798477
55.61065 37.6271412
55.7073262 37.6925823
55.7035621 37.6155139
55.6021065 37.3520277
55.7635029 37.569578
55.7001885 37.8386229
55.6042323 37.7397885
55.7556195 37.5689072
55.66829 37.484119
55.7937516 37.7931537
55.7675755 37.6086517
55.7645569 37.6530001
55.850481 37.4243622
55.7441454 37.5780567
55.741375 37.625706
55.7841909 37.5834559
55.7927339 37.7885919
55.865854 37.585449
55.7467952 37.6306607
55.7551823 37.6652555
55.7215661 37.7818496
55.7957492 37.4577524
55.9904832 37.1518615
55.984567 37.156413
55.7250993 37.7985126
55.8548488 37.425531
55.6666307 37.5201581
56.0171852 37.1972409
55.415564 37.192139
55.5168553 37.3519905
55.7234931 37.7839076
55.8027473 37.6412302
55.619823 37.718265
55.7461639 37.586228
55.6530257 37.5931286
55.7380183 37.4894626
55.5920798 37.6644467
55.7602236 37.6164017
55.8615102 37.5978446
55.8240082 37.6500276
55.62189 37.7833723
55.6233446 37.3048793
55.689598 37.412694
55.8095912 37.5994258
55.7802117 37.5872492
55.7182752 37.4113704
55.7249186 37.5460693
55.8529436 37.534201
55.8443871 37.4299023
55.759086 37.6429081
55.7540471 37.620405
55.7798008 37.828942
55.7783339 37.6437784
55.7804528 37.6003098
55.6993204 37.5557708
55.991893 37.21439
55.7704725 37.6303106
55.66994 37.538322
55.661724 37.552492
55.7437944 37.6564783
55.7540471 37.620405
55.814325 37.639285
55.7703253 37.5938618
55.7000022 37.505213
55.8052758 37.5257192
55.7422409 37.6857869
