55.7121235 37.4868353
55.799907 37.531316
55.7540471 37.620405
56.001383 37.204114
55.6301566 37.5144778
55.7943671 37.5119168
55.7725261 37.6109475
55.7421337 37.6576842
55.65238 37.693202
55.8471387 37.5781509
55.7019513 37.7658608
55.8308907 37.3595929
55.740206 37.5831297
55.739493 37.835746
55.4272598 37.2714875
55.7078302 37.6557244
55.765997 37.6328778
55.8629833 37.474819
55.7874405 37.6095808
55.7602394 37.6025729
55.7492458 37.3911538
55.7929342 37.775947
55.7587939 37.7335722
55.8685967 37.6121708
55.593604 37.457951
55.7564814 37.6367933
55.7459272 37.5710261
55.3238192 37.3977447
55.839208 37.549947
55.6082825 37.5464212
55.7557994 37.6281197
55.8123394 37.6319297
55.634144 37.441014
55.5973195 37.3568095
55.7691771 37.5730525
55.7597802 37.6014487
55.7971464 37.7298232
55.4657844 37.2906522
55.7426517 37.5998643
55.524546 37.3858197
55.7199162 37.6103774
55.7420499 37.5266752
55.727072 37.6326687
55.536166 37.581855
55.8610275 37.6863
55.8820271 37.536222
55.7364017 37.6734483
55.8418164 37.4548994
55.8145398 37.394759
55.7773475 37.6434653
55.4795493 37.3914761
55.888922 37.530571
55.789939 37.5701076
55.6224113 37.7395514
55.8356017 37.6252049
55.7611646 37.5442439
55.721206 37.4316521
55.7180094 37.8897997
55.6138541 37.7063829
55.8670535 37.5905171
55.654518 37.618704
55.7354613 37.6248792
55.6970358 37.5291479
55.7669707 37.6124255
55.8199494 37.7478961
55.7913272 37.4830243
55.730568 37.622271
55.7540471 37.620405
55.8499994 37.4520376
55.541591 37.48932
55.8687745 37.6560582
55.7252308 37.7728761
55.7223901 37.8111611
55.7435583 37.7221251
55.7148493 37.438114
55.7294781 37.6775343
56.009114 37.20291
55.8697946 37.6237495
55.8015715 37.6140379
55.8070493 37.5459108
55.8029719 37.7784693
55.5695798 37.5896673
55.76921 37.581748
55.7779042 37.6115597
55.8446704 37.5290511
55.8950365 37.6821548
55.62449 37.314831
55.7495324 37.5987385
55.6729209 37.452537
55.8397902 37.6257151
55.3209215 37.1583704
55.8926526 37.573036
55.589198 37.602714
55.6395359 37.4128684
55.6907426 37.5760459
55.7937281 37.5645992
55.8181581 37.8130243
55.8291953 37.4293362
55.5775357 37.4827247
55.6733221 37.5932712
55.6817421 37.5800718
55.7529391 37.6716155
55.8018653 37.6325336
55.7483021 37.5891907
55.723942 37.602229
55.682422 37.568866
55.623046 37.312406
55.7706854 37.6512646
55.6865673 37.6279175
55.7741348 37.6301308
55.835789 37.4550266
55.792665 37.61185
55.4846387 37.3067639
55.6347792 37.7640346
55.806696 37.491518
55.8663574 37.6823673
52.8566578 41.4924379
55.7774246 37.6950437
55.7807773 37.5937926
55.5796723 37.604341
55.8516936 37.6646228
55.803057 37.7650439
55.8453133 37.4306532
55.991873 37.25751
55.8799796 37.5897037
55.7190994 37.4270169
55.7356073 37.6395518
55.7579776 37.5426759
55.795732 37.803784
55.927937 37.545438
55.7685906 37.6133896
55.6411334 37.4705615
55.8973231 37.6068301
55.6401905 37.7623649
55.7586873 37.6102233
55.6142963 37.6049625
55.7643598 37.7382582
55.8677445 37.55265
55.7641387 37.4165671
55.723592 37.527256
55.6987793 37.359649
55.8857095 37.7111161
55.7898549 37.7295906
55.7615742 37.6517598
55.6357634 37.5987806
55.7734613 37.5191755
55.6518847 37.3956622
55.7396337 37.5274965
55.7734976 37.733055
55.9325658 37.3796005
55.734146 37.5825293
55.8949561 37.5729989
55.7741339 37.8280481
55.7928844 37.5768216
55.7010803 37.7605027
55.7452427 37.605105
55.7435301 37.395644
55.8948473 37.5833814
55.8350476 37.6189114
55.683945 37.56203
55.687117 37.664653
55.7635666 37.6165432
55.9123289 37.385554
55.6786619 37.5170997
55.757782 37.6330957
55.8426893 37.5021604
55.6688978 37.4489788
55.7760274 37.6799065
55.6046532 37.3531743
55.808992 37.824359
55.7202426 37.6935364
55.6044947 37.5983992
55.8349827 37.6198738
55.8526205 37.3508848
55.8701224 37.5543916
55.884237 37.403437
55.734709 37.474884
55.6763142 37.655159
55.6475922 37.7304679
55.845274 37.556262
55.711843 37.880518
55.7549114 37.751341
55.9691248 37.1871209
55.780441 37.5920971
55.8249321 37.4520647
55.7625691 37.573383
55.8886495 37.5813343
55.767119 37.382609
55.8678761 37.6387332
55.862833 37.437658
55.620068 37.6672289
55.8362508 37.6280518
55.8044303 37.4132431
55.7666352 37.567538
55.7388733 37.6342859
55.9692036 37.1517422
55.3943106 37.4316964
55.9135413 37.5565145
55.8574536 37.546551
55.7101347 37.4474283
55.8474788 37.5792175
55.7697251 37.6321591
55.7750808 37.5880404
55.7316568 37.6217813
55.6785853 37.5329219
55.6802572 37.6932836
55.6885271 37.4693946
55.3207215 37.1576456
55.7054956 37.4072301
55.5697452 37.4755321
55.7014189 37.838197
55.7433098 37.6269635
55.7463551 37.5630213
55.8981393 37.5883581
55.9704821 37.1827845
55.533435 37.376411
55.7597127 37.5960502
55.596808 37.512371
55.7661499 37.4905544
55.7858268 37.6367537
55.6043888 37.5907768
55.6185262 37.6822042
55.689177 37.603514
55.6395815 37.7726281
55.7077921 37.4080658
55.7350534 37.7509504
55.8601704 37.6855534
55.784152 37.561464
55.7884587 37.505845
55.7707279 37.6106977
55.7621809 37.569992
55.7942502 37.7528316
55.7292378 37.6438666
55.8589523 37.5465579
55.476031 37.295975
55.475494 37.30775
55.6933658 37.612051
55.8163308 37.6407459
53.1241816 43.4740653
55.620276 37.727068
55.991108 37.233543
55.9225019 37.5426344
55.852002 37.6439059
55.765513 37.5888646
55.7711771 37.6600397
55.5898824 37.6729592
55.5889768 37.6656075
55.666569 37.629879
55.725483 37.602499
55.7835284 37.5602213
55.6419038 37.3453797
55.7707706 37.5092664
55.788186 37.486733
56.0068639 37.1934949
55.5110985 37.3504011
55.692546 37.5647708
55.7734548 37.6831068
55.8021769 37.7668129
55.8791589 37.480348
55.6545892 37.7025885
55.529548 37.4456984
55.5170039 37.3479759
55.6886546 37.4683672
55.7540808 37.5785415
55.8591887 37.4375512
55.7573257 37.6695848
55.8587939 37.5158568
55.5288337 37.1947598
55.8789626 37.5527011
55.7325844 37.6247861
55.7934883 37.5958058
55.6785096 37.7277344
55.773773 37.687839
55.9426929 37.5521231
55.784845 37.571659
55.753193 37.5890477
55.683488 37.421066
55.6669827 37.7422846
55.866167 37.534703
55.6567258 37.5988595
55.8057436 37.5562524
55.817092 37.50036
55.6733919 37.6291785
55.7122794 37.6540387
55.7660036 37.6480681
55.8867911 37.5519373
55.7372147 37.4333503
55.7174502 37.7494526
55.7976402 37.70929
55.7672236 37.6043619
55.7306195 37.4316204
55.8969023 37.553528
55.8230993 37.4958316
55.764386 37.5293665
55.7429126 37.6034323
55.815069 37.836168
55.7824714 37.5804704
55.7926911 37.6120841
55.8647583 37.6847984
55.725574 37.744801
55.7667163 37.6350451
55.7707475 37.6729449
55.5387372 37.511496
55.6167182 37.3922948
55.8748039 37.5674883
55.6777704 37.564531
55.7768468 37.5927595
55.8339304 37.5214254
55.6699964 37.6477487
55.6764684 37.6629652
55.7487263 37.5895784
55.7546851 37.6379139
55.494257 37.3288319
55.6142332 37.5904919
55.6975325 37.7207079
55.640274 37.621938
55.7289494 37.6217223
55.7608345 37.550215
55.8073059 37.4619172
55.7899425 37.7847174
55.707584 37.3959854
55.7183899 37.6075949
55.692232 37.55487
55.6525347 37.7449702
55.996993 37.189696
55.7324275 37.626664
55.7704431 37.6708177
55.7005525 37.5963515
55.6767852 37.7630051
55.5509129 37.5329896
55.6995687 37.7978296
55.7157822 37.797666
55.8516781 37.6686006
55.653868 37.375692
55.5844555 37.6671822
55.7473425 37.5876226
55.8624713 37.6515915
55.734628 37.568129
55.720198 37.559085
55.610133 37.658994
55.7905404 37.4675755
55.7814325 37.7211499
55.8442566 37.5900407
55.7031327 37.7086139
55.7540471 37.620405
55.7540471 37.620405
55.7674199 37.5876521
55.820026 37.4629771
55.56643 37.482978
55.776955 37.6280515
55.5949596 37.5323686
55.8076937 37.764671
55.63973 37.32668
55.7237367 37.5783846
55.6781152 37.7803786
55.6998051 37.7654244
55.7807838 37.611986
55.7727544 37.593131
55.7790303 37.6159107
55.7610995 37.6025493
55.6482356 37.7364068
55.7639829 37.7869577
55.767205 37.579259
55.6604834 37.4536588
55.8529436 37.534201
55.6940292 37.8171719
55.63907 37.600424
55.8832702 37.5241898
55.698173 37.619827
55.7583141 37.598006
55.794447 37.594261
55.646426 37.745861
55.7184857 37.6250398
55.7993853 37.8251195
55.7678442 37.4978134
55.7807932 37.548401
55.7565574 37.8031458
55.8309199 37.4292862
55.8170714 37.7925551
55.8466679 37.4446928
55.8595225 37.6874952
55.672509 37.6692723
55.6836694 37.4613056
55.8734343 37.6754463
55.6934169 37.5575891
55.7540471 37.620405
55.7429602 37.5586409
55.7714314 37.682237
55.6579434 37.565741
55.8564622 37.4106398
55.6781812 37.6939982
55.7912826 37.6576389
55.7633727 37.6340407
55.7906558 37.7495923
55.8931787 37.6569948
55.7769417 37.6705294
55.7816128 37.7302481
55.7425262 37.6245966
55.4770059 37.3135141
55.7404467 37.6207198
55.6804335 37.7493987
55.8692406 37.5216813
55.703676 37.825878
55.6656819 37.4556047
55.8322772 37.517698
55.7125899 37.4033339
55.8190122 37.6487677
55.753176 37.635722
55.7081415 37.6572619
55.7745618 37.4730309
55.6840185 37.5783084
55.7467987 37.6005985
55.7794986 37.6269058
55.7385562 37.6575114
55.7806362 37.4687604
55.6745755 37.6157023
55.759517 37.657116
55.8761633 37.536202
55.721508 37.775811
55.7817312 37.6752219
55.7815251 37.5826951
55.711813 37.7491351
55.7938964 37.5933145
55.703207 37.5886267
55.7617232 37.6459873
55.7540471 37.620405
55.7153964 37.8802286
55.8071763 37.8123425
55.735581 37.570105
55.8379244 37.510575
55.7540471 37.620405
55.6540076 37.7570763
55.756376 37.508975
55.6981653 37.457014
55.9285654 37.5440174
55.7158342 37.8880626
55.845405 37.373096
55.7603218 37.5968843
55.7330614 37.4813203
55.7655798 37.6210512
55.7406807 37.5039337
55.7135727 37.6958292
55.8639181 37.5572409
55.7088639 37.6281649
55.7212426 37.8977793
55.8129438 37.8348688
55.7696315 37.4075437
55.6431914 37.512566
55.7411079 37.6822041
55.7594657 37.763092
55.7672659 37.6324178
55.7462439 37.7721312
55.799487 37.794576
55.8376174 37.4276586
55.76016 37.658437
55.7540471 37.620405
55.593929 37.629807
55.781555 37.741818
55.7724192 37.6197699
55.7540471 37.620405
55.6866293 37.5926883
55.7713368 37.669288
55.8158371 37.5890286
55.7683589 37.7378778
55.668615 37.547109
55.624352 37.510547
55.4581776 37.2724636
55.799933 37.5826147
55.7328786 37.3944207
55.7680268 37.6353503
55.7862907 37.7417438
55.7097388 37.6772307
55.6093803 37.7134747
55.7295396 37.4009933
55.7574661 37.6037095
55.7887297 37.4716919
55.7220517 37.4013824
55.67828 37.510906
55.6057778 37.451567
55.8343133 37.621156
55.7860297 37.7263889
55.7049658 37.4463016
55.8394895 37.4863694
55.703378 37.643058
55.6201862 37.7202771
55.8371948 37.6576286
55.705488 37.493344
55.7077211 37.8123519
55.7937699 37.5906548
55.8025397 37.803881
55.7653486 37.5706867
55.7848558 37.706653
55.8108902 37.7969421
55.7748604 37.6395015
55.6545472 37.6237332
55.7220076 37.4313227
55.7145074 37.6129891
55.710718 37.5441685
55.8889265 37.3964884
55.5837904 37.6955391
55.7540471 37.620405
55.71945 37.724894
55.7802122 37.4715468
55.633826 37.7527838
55.720721 37.4084799
55.7902135 37.7798077
55.6236816 37.6659143
55.7094249 37.6102803
55.7680594 37.6271208
55.7941861 37.6744699
55.6396725 37.5062776
55.8049696 37.5858398
55.7451539 37.7762076
55.791658 37.786438
55.7163558 37.4814137
55.9715747 37.1532261
55.6225402 37.7051484
55.824314 37.4963
55.8846171 37.5990995
55.6568526 37.7240948
55.5630085 37.5856362
55.7566209 37.5953375
55.753355 37.4569773
55.7052462 37.6003394
55.7057077 37.7677742
55.7134029 37.5687229
55.6259946 37.2607449
55.7541591 37.6084905
55.7900486 37.7130477
55.776517 37.4622473
55.7540471 37.620405
55.606729 37.6005332
55.7115858 37.5750222
55.706599 37.730014
55.7943228 37.7034044
55.7866517 37.5398368
55.7624598 37.6123597
55.7380495 37.6164212
55.7261865 37.5766727
55.7409017 37.8185942
55.6219494 37.6652685
55.4996672 37.5701362
55.737429 37.6127743
55.8239639 37.8034827
55.6318961 37.3231505
55.760619 37.6446834
55.637967 37.524489
55.710144 37.394449
55.861302 37.344601
55.746507 37.597181
55.6424406 37.3615882
55.73665 37.632601
55.6489958 37.562273
55.7736492 37.6373057
55.7605297 37.5976053
55.5705613 37.3540743
55.7770764 37.5319817
55.7393329 37.6383547
55.7145046 37.6020441
55.806521 37.4497704
55.8168088 37.7792902
55.8629574 37.670274
55.738166 37.6582377
55.7971177 37.5818127
55.6896956 37.854708
55.6838629 37.9224386
55.82047 37.583616
55.775125 37.660314
55.70133 37.7911198
55.8186655 37.5635947
55.7513011 37.7559449
55.7778744 37.6071573
55.8048009 37.6291728
55.7596675 37.7134986
55.616814 37.586976
55.639918 37.593749
55.9833983 37.2084308
55.8517194 37.3479251
55.6994649 37.6155629
55.8013625 37.7712954
55.8962052 37.6076116
55.818372 37.523779
55.771616 37.5535643
55.7238955 37.6346607
55.760282 37.833006
55.8349561 37.6616052
55.7616816 37.7123179
55.892616 37.65759
55.8025854 37.654026
55.8259378 37.5981316
55.7586572 37.6345955
55.7258044 37.6293674
55.582254 37.6752814
55.7753788 37.6282992
55.7343033 37.6558192
55.7008978 37.7314297
55.7149247 37.4223612
55.5685878 37.5610975
55.7241516 37.6889718
55.8035493 37.5178177
55.6984504 37.8404089
55.7635142 37.5659095
55.7606553 37.6210705
55.823328 37.441224
55.650043 37.529897
55.8707119 37.7044656
55.6951215 37.7625351
55.7312319 37.4128892
55.6675437 37.5657636
55.7446769 37.4880437
55.6513369 37.3983791
55.754088 37.7608784
55.5410764 37.5069842
55.8872498 37.6507765
55.7343811 37.5214118
55.6287601 37.6759314
55.8031155 37.7857791
55.7714669 37.8327163
55.7602487 37.6233215
55.838104 37.550323
55.6013441 37.3541585
55.8117721 37.7339824
55.7175867 37.6678426
55.8003417 37.7343868
55.656763 37.483607
55.7796606 37.6897395
55.7197572 37.8194165
55.6146367 37.7486379
55.8285662 37.4129446
55.7669155 37.6030166
55.6803583 37.6658329
55.8383902 37.4259509
55.7605747 37.6097895
55.7234904 37.631234
55.7701531 37.6636174
55.679727 37.622684
55.649083 37.516988
55.624784 37.6113987
55.774586 37.6308668
55.8653375 37.5853638
55.8507095 37.5205336
55.6721273 37.7696133
55.7075905 37.4202326
55.6476556 37.5433038
55.7287098 37.6170465
55.8332402 37.4493508
55.73515 37.586634
55.6058871 37.7470487
55.730416 37.700783
55.6054904 37.7093277
55.7294446 37.6163125
55.8308671 37.6648079
55.64192 37.523456
55.7721217 37.618719
55.6306201 37.6761684
55.625714 37.6634301
55.8187137 37.6368136
55.5056843 37.5641079
55.8329816 37.5621192
55.7623501 37.6014967
55.7448522 37.7942281
55.7743434 37.6225618
55.8006321 37.4951869
55.6453166 37.3980907
55.7719655 37.5942601
55.7607308 37.6367919
55.750054 37.522809
55.7050054 37.7359813
55.74147 37.475971
55.704433 37.653748
55.5781013 37.6572509
55.8210959 37.7969717
55.7137197 37.4755382
55.734591 37.6395319
55.6189799 37.6664673
55.8881008 37.4003908
55.7732995 37.6421732
55.5415268 37.5120427
55.7777978 37.5504954
55.9881571 37.1571089
55.7847565 37.6170638
55.7826354 37.6938507
55.8569918 37.5650189
55.6838022 37.4570965
55.8936814 37.3865285
55.7490125 37.580464
55.6390513 37.7953869
55.6249858 37.5242862
55.621363 37.537326
55.6474813 37.6064435
55.7056219 37.7971699
55.7502795 37.7784925
55.8763329 37.6789376
55.6453097 37.6517733
55.8297341 37.4852734
55.7390018 37.4760056
55.5772529 37.5689368
55.6222892 37.7375966
55.67094 37.776969
55.7169924 37.4769311
55.545691 37.484532
55.786151 37.723169
55.6707097 37.4741235
55.8585591 37.5063086
55.738019 37.864286
55.791977 37.603244
55.6412614 37.6692246
55.8191228 37.6497129
55.7540471 37.620405
55.6412864 37.3641862
55.848382 37.568219
55.8376205 37.6673012
55.755555 37.78041
55.735009 37.4584447
55.7207633 37.6925029
55.8561627 37.4762448
55.8774217 37.587667
55.780851 37.736357
55.4189162 37.3992604
55.7813305 37.5835935
55.67767 37.620743
55.7136278 37.4351885
55.7362108 37.5907954
55.717051 37.8123364
55.7923352 37.7091188
55.845572 37.569351
55.6071484 37.4589417
55.571968 37.574327
55.7709361 37.6376051
55.8852816 37.6051301
55.6216036 37.7253801
55.7993244 37.614846
55.6066809 37.3516621
55.6241103 37.6761932
55.8368914 37.6208126
55.7346564 37.6323147
55.6554495 37.6075459
55.8431398 37.5366253
55.7610093 37.6555173
55.6339498 37.4254323
55.740691 37.620435
55.7084304 37.7989007
55.8267734 37.4378141
55.7188182 37.7960119
55.742934 37.75938
55.7377347 37.5931336
55.79599 37.48958
55.7383119 37.6297722
55.583047 37.590677
55.7419685 37.8671175
55.740867 37.6175
55.833587 37.571686
55.8731125 37.4338837
55.7406569 37.5012357
55.7802787 37.568429
55.689035 37.624534
55.8257566 37.5286469
55.580146 37.594593
55.80399 37.516
55.6789202 37.5598391
55.6927057 37.8515818
55.6503439 37.3944552
55.7632173 37.6726864
55.7472302 37.6565232
55.8169975 37.6466999
55.8141123 37.4685299
55.7562449 37.588189
55.8644191 37.6135062
55.6794271 37.4978484
55.7431749 37.4066342
55.8264641 37.7637394
55.7805407 37.6376856
55.6585 37.4713441
55.7620773 37.4136717
55.7851018 37.6012039
55.757906 37.6384835
55.7485693 37.5865356
55.8240326 37.7592912
55.7213842 37.3931486
55.6111845 37.6598588
55.7937739 37.5779089
55.8135914 37.8113647
55.813268 37.72325
55.799031 37.50019
55.7308705 37.6796056
55.6416913 37.5070073
55.731445 37.571695
55.5377466 37.5056162
55.6840674 37.8532054
55.7107102 37.4773054
55.5960725 37.6662503
55.7028611 37.6825165
55.780769 37.599936
55.6820525 37.6810663
55.6262834 37.2985801
55.4845043 37.3073299
55.7577066 37.6030609
55.7286935 37.6448602
55.8827531 37.5674614
55.5791135 37.663593
55.7205164 37.7854368
55.488014 37.294556
55.7180758 37.6618818
55.826883 37.365209
55.989743 37.2199089
55.7437355 37.5808561
55.7741818 37.57564
55.772836 37.588781
55.7430132 37.6230551
55.7644019 37.7935411
55.597953 37.594611
55.814866 37.783249
55.6764684 37.6629652
55.7617941 37.6045091
55.596402 37.6106491
55.7125899 37.4033339
55.6474504 37.6659991
55.5465357 37.5586805
55.6952862 37.6103535
55.7407894 37.4813441
55.7601532 37.6664967
55.821077 37.430462
55.789461 37.551735
55.8775892 37.5388835
55.7341388 37.6789718
55.772386 37.584478
55.8047563 37.490326
55.747402 37.6166765
55.6713321 37.5859192
55.6625513 37.6087898
55.7906924 37.7393633
55.7831806 37.5984092
55.6533168 37.7492525
55.7720812 37.6534416
55.8846634 37.3909328
55.6044324 37.5303004
55.8439359 37.446756
55.760282 37.830204
55.7783339 37.6437784
55.7903625 37.6672411
55.783256 37.688414
55.7779593 37.6482096
55.6413018 37.6561965
55.864485 37.547998
55.8510322 37.6387291
55.6709051 37.7475511
55.810537 37.817757
55.7673366 37.597634
55.7338525 37.5698296
55.5046489 37.334398
55.559211 37.48976
55.7821754 37.6324429
55.4966109 36.9174941
55.7296127 37.608399
55.7424699 37.5829977
55.845916 37.562919
55.595323 37.339849
55.7097073 37.6563407
55.7432009 37.6532504
55.7564951 37.6380703
55.613941 37.386813
55.7848558 37.706653
55.7247539 37.6331219
55.8640439 37.5633265
55.6535556 37.5783534
55.7241949 37.6260183
55.649012 37.631038
55.83848 37.635844
55.7663753 37.6613324
55.8844831 37.6348649
55.7705756 37.5966508
55.7602456 37.5861918
55.7151212 37.519401
55.6297184 37.7287452
55.8927429 37.6168036
55.6764672 37.7721036
56.0092558 37.1980599
55.7824825 37.7116492
55.6005741 37.5265508
55.7506913 37.5957635
55.775667 37.723915
55.7452458 37.6538446
55.7419261 37.6186172
55.7435502 37.6302584
55.7639262 37.6016012
55.851137 37.3509742
55.7100682 37.4183747
55.7290095 37.6177682
55.6239492 37.4888526
55.6724375 37.7436905
55.6826692 37.9246032
55.8134933 37.6203746
55.7482946 37.6755583
55.8102771 37.6417998
55.7863905 37.5723813
55.7243924 37.7071819
55.7633122 37.5939513
55.5989562 37.6355465
55.8176133 37.7973769
55.692846 37.351599
55.7555647 37.805437
55.768613 37.534586
55.6983128 37.7204499
55.563208 37.487523
55.869856 37.4951073
55.803256 37.79348
55.735125 37.6627802
55.7815473 37.5596986
55.7276728 37.66481
55.852445 37.569054
55.5689529 37.5875762
55.7879619 37.57943
55.7681836 37.6824859
55.8780301 37.4835795
55.7666928 37.558728
55.6122325 37.5942942
55.7625451 37.5668574
55.7952082 37.6070731
55.765651 37.617556
55.8073512 37.5805427
55.7805655 37.4874069
55.5845022 37.6119985
55.7677213 37.7022847
55.8646123 37.6670252
55.6437816 37.6358993
55.9008165 37.3837966
55.8305328 37.498045
55.7307614 37.6306754
55.7207554 37.4249852
55.6059135 37.7334021
55.7498766 37.7737033
55.6716159 37.5178865
55.7622125 37.6221157
55.895227 37.591468
55.682712 37.7805742
56.0055677 37.7975379
55.8146584 37.5846478
55.7282686 37.6421858
55.7111919 37.6327481
55.7503916 37.6435092
55.758706 37.624319
55.7630241 37.77851
55.685107 37.522558
55.7658008 37.6116401
55.771918 37.3913918
55.7471847 37.7746484
55.8314399 37.6814346
55.7466399 37.5862227
55.7027921 37.6642181
55.82642 37.43109
55.7242859 37.5713473
55.6267935 37.6688633
55.732616 37.571219
55.760236 37.612982
55.8728592 37.7126891
55.7688179 37.500456
55.726543 37.630655
55.6222436 37.7356989
55.7179166 37.4089511
55.7855727 37.6332328
55.8622961 37.5638831
55.7170654 37.4117972
55.75598 37.61265
55.7825173 37.4585253
55.6056117 37.4865548
55.7159844 37.8897638
55.669518 37.628882
55.7560551 37.5936422
55.6803363 37.4938462
55.8930824 37.5011244
55.5763156 37.6247985
55.73987 37.6234009
55.83345 37.642132
55.7516382 37.6553972
55.7753034 37.6032033
55.7486936 37.6949832
55.7659976 37.6322086
55.8184871 37.7385289
55.8886072 37.6918521
55.5978465 37.3560052
55.74301 37.617662
55.7624671 37.5864823
55.6644213 37.7696133
55.6803633 37.5273477
55.746456 37.515856
55.7259295 37.6684922
55.5313953 37.4984255
55.7721574 37.4881465
55.865505 37.46432
55.7404269 37.7426244
55.7600757 37.6512884
55.7659255 37.6768024
55.6536581 37.4035687
55.739534 37.5073301
55.8555603 37.5592231
55.7772683 37.5269653
55.7767684 37.6802484
55.7811827 37.5796874
55.679971 37.513521
55.589198 37.602714
55.6829735 37.4606469
55.7393045 37.5985463
55.640543 37.608212
55.6333172 37.6578067
55.681722 37.557978
55.8675428 37.4829975
55.7795929 37.7119302
55.7997633 37.7984337
55.790615 37.788971
55.7534597 37.6433411
55.7599619 37.6411134
55.5881822 37.6081929
55.789098 37.6247979
55.5041615 37.5794564
55.7575486 37.6082746
55.6973 37.506289
55.8134916 37.7883797
55.4717658 37.3087607
55.6347482 37.3413049
55.9041364 37.5490714
55.649815 37.74472
55.8324761 37.642443
55.6429789 37.3417996
55.798975 37.5791306
55.9088831 37.3705427
55.78935 37.476734
55.7060477 37.7669312
55.7684378 37.6008774
55.9041364 37.5490714
55.6507425 37.6432765
55.7602469 37.6246199
55.718278 37.79198
55.5758278 37.5845993
55.8271727 37.4558073
55.710438 37.663476
55.828051 37.571965
55.6822076 37.6776435
55.8144043 37.7723855
55.7456203 37.7755019
55.7072598 37.6763568
55.5996307 37.6093411
55.66862 37.511697
55.8171407 37.7412304
55.627759 37.7508575
55.7645028 37.6568729
55.6899249 37.4929334
55.7771739 37.681413
55.7837712 37.6321406
55.8409634 37.394319
55.7081417 37.6272645
55.7623942 37.6019871
55.6487359 37.4987801
55.7932152 37.6946987
55.820578 37.5123344
55.861333 37.503873
55.6617921 37.769802
55.7421618 37.5604209
55.8161378 37.877611
55.7138095 37.6599605
55.859069 37.54639
55.6970358 37.5291479
55.8003966 37.8063632
55.8123033 37.8372259
55.580233 37.572926
55.6379103 37.6940019
55.7686254 37.6606141
55.5669697 37.4708856
55.8595828 37.6664701
55.8887421 37.5564905
55.87593 37.547719
55.7305695 37.6451343
55.6816099 37.643812
55.846783 37.34663
55.7092998 37.7471636
55.786081 37.6055522
55.718806 37.787138
55.731808 37.635799
55.8578725 37.4862008
55.7967227 37.5215687
55.7108246 37.6540555
55.5826965 37.6180626
55.6838113 37.9279448
55.653782 37.59401
55.8365111 37.6563761
55.7254112 37.5670015
55.7250461 37.5824013
55.999833 37.216735
55.742478 37.867286
55.7253591 37.8392189
55.5696915 37.4902906
55.7435954 37.6824232
55.8930933 37.5332828
55.8773663 37.7041715
55.5608078 37.587193
55.7184359 37.4125889
55.7352219 37.4141843
55.6828332 37.7229058
55.7953303 37.7850272
55.655783 37.498222
55.6842978 37.4389034
55.648407 37.38675
55.7107641 37.6103598
55.7675531 37.6776069
55.8677823 37.4643989
55.736214 37.531693
55.6135843 37.5949867
55.7132688 37.7798749
55.8052021 37.4631514
55.7540471 37.620405
55.7650651 37.7191441
55.7640561 37.5951917
55.6051112 37.7486162
55.5784792 37.6634009
55.7418665 37.6006274
55.6522069 37.4241853
55.8623989 37.412348
55.716837 37.7172445
55.6216808 37.6045474
55.8275089 37.5468088
55.8373231 37.5372988
55.703758 37.654655
55.8835115 37.5594846
55.604341 37.616503
55.7690028 37.8325929
55.569454 37.445581
55.6576984 37.3732993
55.6665701 37.5879417
55.8925362 37.6715178
55.6854404 37.5449296
55.738876 37.581093
55.8851748 37.569703
55.5957795 37.6708113
55.816601 37.637838
55.7781844 37.6265943
55.6152645 37.7377994
55.7318132 37.5896958
55.7379218 37.6354399
55.727562 37.381549
55.7629109 37.7819489
55.7217294 37.6930496
55.9900144 37.2231454
55.8786569 37.5754707
55.568003 37.446515
55.7377276 37.628655
55.5919753 37.6488746
55.791208 37.633823
55.7619988 37.5537767
55.8295882 37.6662147
55.8038522 37.4649574
55.8165164 37.7285422
55.7766895 37.6018449
55.7853446 37.7088571
55.7190277 37.7767746
55.7701263 37.6379917
55.707101 37.730455
55.9278913 37.5401658
55.706756 37.396668
55.7006059 37.5780677
55.8236969 37.5200772
55.568023 37.44055
55.8350285 37.6321459
55.819946 37.5238162
55.5920421 37.5404783
55.700745 37.570519
55.7050026 37.6701804
55.63407 37.320023
55.6933917 37.574316
55.7784308 37.6928471
55.8757656 37.621074
55.998061 37.236139
55.8621767 37.6904472
55.7540471 37.620405
55.6652424 37.6409535
55.7641668 37.6154148
55.7637357 37.6139422
55.8653478 37.6633841
55.5811852 37.6780715
55.7922167 37.796015
55.9050318 37.547928
55.7387182 37.7630694
55.633485 37.41308
55.7495689 37.5845215
55.5975849 37.5035521
55.764936 37.6164994
55.8365972 37.4901629
55.7125617 37.5665442
55.7726695 37.6140314
55.5685543 37.4406691
55.6122325 37.5942942
55.812368 37.637937
55.92358 37.54321
55.9937244 37.2444171
55.4951868 37.5543618
55.7820086 37.5963379
55.624098 37.620528
55.7924417 37.6819484
55.7730322 37.6009398
55.649886 37.520141
55.7540471 37.620405
55.7791311 37.6928644
55.7074544 37.598865
55.8249136 37.5096402
55.850075 37.478693
55.7778665 37.5279662
55.5932243 37.3670548
55.7348151 37.5870569
55.7575723 37.5227539
55.7402579 37.6545955
55.6679639 37.508735
55.7341679 37.5511186
55.7377539 37.6500834
55.7323762 37.6328474
55.80554 37.5490735
55.8464592 37.4183956
55.699441 37.752841
55.7421442 37.7177901
55.7431059 37.7885807
55.7767574 37.6923055
55.8470621 37.4405681
55.7150433 37.453337
55.8028101 37.7246559
55.8376087 37.4454105
55.6578051 37.5696539
55.7694038 37.6702873
55.695376 37.5764593
55.7811571 37.7481425
55.7884866 37.6087517
55.856419 37.5577788
55.683381 37.736626
55.7503872 37.7899536
55.6906128 37.7216431
55.892572 37.583373
55.7167127 37.8886471
55.7704673 37.600256
55.786349 37.5119766
55.7243643 37.7101728
55.654934 37.646705
55.768588 37.528055
55.7008793 37.9287056
55.8414387 37.450965
55.7727974 37.681126
55.4853155 37.5642904
55.7565793 37.6064389
55.8795661 37.6438966
55.714369 37.8370577
55.7122581 37.8952525
55.7053798 37.5909971
55.68599 37.555894
55.7112428 37.8082503
55.744982 37.5892527
55.590289 37.6249093
55.7284637 37.4162896
55.634649 37.543201
55.8146714 37.7328365
55.7185263 37.6628092
55.7472473 37.6752194
55.7743761 37.6183783
55.8598772 37.6171226
55.7410212 37.6254987
55.787285 37.613997
55.827565 37.524516
55.54428 37.478917
55.6743938 37.6034323
55.870132 37.6706637
55.54672 37.494952
55.695302 37.5757299
55.6343047 37.7660286
55.4578481 37.295044
55.773865 37.5910966
55.6723233 37.4311474
55.9785016 37.1546397
55.5490236 37.5397329
55.8457473 37.5797981
55.7302565 37.5714194
55.882727 37.553019
55.7566282 37.5599924
55.653309 37.537901
55.7527735 37.6692359
55.7780882 37.6892457
55.7764592 37.643643
55.7089014 37.6553245
55.8618578 37.6469823
55.8536185 37.4449425
55.719678 37.552678
55.6357894 37.342038
55.6795484 37.5757184
55.7072592 37.6713811
55.7409245 37.6234849
55.6048786 37.7219545
55.7088788 37.6249122
55.6238713 37.4390998
55.6494374 37.5134312
55.7226365 37.6236942
55.770725 37.59242
55.8912508 37.5775109
55.7952409 37.5052226
55.6086323 37.7136547
55.6564052 37.5972146
55.978186 37.180524
55.7294305 37.4048324
55.7039134 37.6565972
55.721214 37.724804
55.6184903 37.3462234
55.8762365 37.6490236
55.8649331 37.4978729
55.7644384 37.7292874
55.7451556 37.6521021
55.663451 37.517949
55.7333844 37.6186184
55.7849372 37.6332328
55.683909 37.621552
55.6705612 37.5562901
55.6509833 37.7546371
55.779317 37.631415
55.7542763 37.5875779
55.8635166 37.555071
55.733274 37.6404266
55.6783438 37.4529163
55.717302 37.5095401
55.4766021 37.5410393
55.88529 37.61264
55.860788 37.6564462
55.8091304 37.5299884
55.7465374 37.6613597
55.732898 37.4254973
55.8262351 37.5918447
55.80536 37.5667981
55.777261 37.635772
55.7890799 37.7745696
55.857063 37.710234
55.794782 37.5283055
55.7750768 37.6751013
55.6898911 37.6576678
55.7735963 37.4734273
55.8292078 37.6282114
55.753985 37.6412907
55.4663351 37.5424868
55.7304477 37.4048726
55.7851927 37.7357357
55.7407747 37.6480777
55.7666352 37.567538
55.7941713 37.56485
55.6697784 37.5806937
55.7380017 37.4149402
55.8774266 37.6823203
55.73822 37.6340993
55.618196 37.407564
55.63687 37.323455
55.8152931 37.4539872
55.7792716 37.6987487
55.6661118 37.7834149
55.8308907 37.3595929
55.7687834 37.6404342
55.7968373 37.3966464
55.7719073 37.5464545
55.7668633 37.6392549
55.633141 37.6575753
55.7115286 37.6854386
55.8629014 37.6205518
55.7433016 37.5629276
55.7694669 37.6675746
55.672829 37.484667
55.5947737 37.5953671
55.7117341 37.6307532
55.7779565 37.6245406
55.734157 37.568201
55.7494445 37.8128364
55.8636037 37.6734572
55.7354023 37.5220678
55.8037561 37.4134667
55.7597815 37.5609945
55.6820433 37.7730437
55.705397 37.936977
55.5108416 37.2484171
55.7000323 37.8565352
55.8157083 37.6961619
55.6554018 37.4302975
55.7522021 37.8099014
55.8360819 37.6241447
55.4325805 37.2778414
55.7932823 37.608671
55.8207347 37.6497462
55.546577 37.482789
55.7353053 37.5693295
55.928975 37.540793
55.6266417 37.721935
55.7956821 37.5657131
55.7873959 37.5972548
55.8505444 37.5196236
55.8352937 37.3578719
55.6234901 37.5249905
55.857058 37.479528
55.7028687 37.9368218
55.8368691 37.5158946
55.5331564 37.4493083
55.623697 37.30539
55.7512335 37.5800316
55.7219492 37.8323036
55.7859903 37.7312597
55.8347998 37.4120689
55.7520936 37.8301375
55.6928984 37.5012051
55.564068 37.583688
55.6065088 37.6605387
55.865967 37.49384
55.7967275 37.6182052
55.7650097 37.5575206
55.5672678 37.5733354
55.8784631 37.546519
55.6776432 37.490046
55.7602394 37.6025729
55.7540471 37.620405
55.5406311 37.517449
55.8997505 37.5486711
55.7152223 37.7355536
55.8051649 37.5082534
55.8093849 37.8229029
55.64475 37.38136
55.861156 37.570927
55.6546905 37.7569769
55.6627917 37.5797025
55.7262316 37.6050974
55.6761379 37.6500683
55.7231386 37.8979357
55.644755 37.392553
55.7943442 37.7983537
55.7966221 37.7719159
55.6636289 37.4638361
55.8262351 37.5918447
55.570502 37.489113
55.465796 36.9355234
55.695829 37.557682
55.770775 37.376626
55.8424556 37.5482148
55.7107454 37.6132123
55.7293314 37.6091303
55.4649941 37.2845648
55.2172509 36.9854143
55.819552 37.6337068
55.7670117 37.6119573
55.7440149 37.6712381
55.7006218 37.930427
55.7647635 37.6069547
55.642154 37.542024
55.7937781 37.5604979
55.6531709 37.5644037
55.5896197 37.3731101
55.836301 37.6344327
55.7667412 37.6169089
55.729279 37.6263251
55.741109 37.6108411
55.6018037 37.5359672
55.859569 37.491548
55.7165061 37.6219389
55.8057173 37.5060924
55.656869 37.618758
55.5277676 37.459448
55.7589054 37.5879326
55.540786 37.480516
55.550399 37.131197
55.8555557 37.475253
55.7705774 37.5955086
55.7605377 37.5458169
55.7063494 37.8692379
55.810784 37.509262
55.642753 37.618192
55.7496807 37.6459006
55.8077429 37.7981251
55.862681 37.37244
55.8240276 37.7562451
55.5401025 37.154516
55.7210736 37.4029998
55.933393 37.55646
55.8158207 37.7993309
55.5267711 37.4453926
55.8560474 37.5644754
55.520437 37.3551391
55.864338 37.6852245
55.862064 37.5862315
55.7720726 37.6131056
55.567636 37.285977
55.7168343 37.7408975
55.724114 37.603002
55.6842223 37.8570473
55.6865998 37.8561627
55.7288873 37.6756067
55.8695811 37.4804931
55.6759775 37.6201401
55.7045172 37.5148341
55.519101 37.3479163
55.6556378 37.6954201
55.626048 37.5949017
55.7670226 37.6198154
55.7846897 37.6958651
55.6054289 37.7119641
55.7444724 37.6497359
55.7349946 37.4676375
55.72418 37.662901
55.8974931 37.5534404
55.7982671 37.5155524
55.8074373 37.4109395
55.7468865 37.7704748
55.664116 37.612173
55.7036021 37.7621275
55.7714392 37.6059225
55.7433059 37.6015095
55.7356183 37.5914375
55.7255019 37.6608863
55.8801206 37.6424316
55.7623492 37.598281
55.7083188 37.7832968
55.7225441 37.5616997
55.8205116 37.6564985
55.694495 37.54029
55.6611487 37.6268972
55.640543 37.608212
55.7362239 37.6230304
55.7345306 37.6708813
55.768983 37.5912804
55.6038266 37.7117423
55.7186227 37.6706305
55.6543125 37.7751922
55.8559645 37.433491
55.6961783 37.8554868
55.7971643 37.7023834
55.778077 37.6788938
55.8489751 37.4289254
55.742817 37.6527077
55.8744856 37.6429499
55.8697996 37.709266
55.6963028 37.8006047
55.7977743 37.549744
55.7219907 37.6987293
55.7566759 37.7166442
55.8126074 37.8215318
55.618995 37.745933
55.7105664 37.6121077
55.6567136 37.5576648
55.7076448 37.5980166
55.7947801 37.7944058
55.7722908 37.6063851
55.709698 37.419521
55.5637825 37.585041
55.6662552 37.644447
55.8336708 37.4973924
55.722198 37.596767
55.7472352 37.5504749
55.7222859 37.6109354
55.9826354 37.2029885
55.7534103 37.7710952
55.72748 37.631159
55.893536 37.543955
55.7278712 37.5658545
55.7384154 37.6820117
55.7348576 37.636044
55.8791044 37.700872
55.748978 37.763422
55.654995 37.620276
55.6585682 37.774952
55.7129273 37.4261574
55.6762521 37.6593758
55.6787411 37.6870328
55.7587297 37.5663907
55.65242 37.743965
55.8397128 37.5292268
55.7689877 37.6317031
55.7657523 37.4128739
55.712173 37.513592
55.7409867 37.6006352
55.5357623 37.5186774
55.7940689 37.3975629
55.7913362 37.6755862
55.7435583 37.7221251
55.666746 37.458229
55.7904987 37.5974318
55.7143614 37.6735022
55.7686456 37.6035863
55.8590281 37.494649
55.8428746 37.3735752
55.810673 37.453639
55.660996 37.7761006
55.7323397 37.6185829
55.7425583 37.5278972
55.7522775 37.5610686
55.4306052 37.3734202
55.6872369 37.5841824
55.790818 37.5894185
55.7822529 37.7026016
55.7627268 37.5755669
55.8777207 37.5216111
55.739844 37.612456
55.6793137 37.5712544
55.8153923 37.455971
55.7385988 37.5884687
55.8159978 37.7824313
55.6240726 37.2646121
55.8593291 37.4839939
55.7846908 37.5232232
55.8514207 37.574825
55.7565268 37.6064297
55.53747 37.58349
55.5924912 37.3198262
55.77517 37.669693
55.7223909 37.5454638
55.8057167 37.5942438
55.6493324 37.3324937
55.599728 37.724723
55.693473 37.5821844
55.5015125 37.3322486
55.658591 37.620267
55.7176929 37.4566725
55.6162193 37.7201644
55.8096415 37.572551
55.7861904 37.355395
55.8453662 37.37443
55.6443311 37.4393844
55.6942596 37.8295794
55.740193 37.43437
55.7615175 37.6121956
55.818078 37.595869
55.8770807 37.5438567
55.620862 37.619025
55.7739947 37.4652773
55.9006582 37.5506584
55.7512435 37.6671482
55.7094397 37.6636446
55.7617551 37.6360272
55.7963364 37.6919361
55.8022849 37.7851182
55.7648832 37.5992945
55.8784136 37.620016
55.7614035 37.634479
55.7881921 37.588808
55.7447114 37.6010378
55.7548949 37.5051721
55.8619116 37.582474
55.6785572 37.5775603
55.7117771 37.7963189
55.669341 37.741055
55.786121 37.4963
55.6825139 37.6944288
55.7528354 37.8252372
55.69731 37.473797
55.7726878 37.5332143
55.8121086 37.6263173
55.7370255 37.6276926
55.6482886 37.6866672
55.900478 37.3748483
55.6485897 37.3434792
55.8291182 37.6712009
55.7679874 37.6425535
55.86936 37.589935
55.6893637 37.5765057
55.715677 37.552166
55.8269811 37.5985568
55.7555057 37.6534321
55.7866487 37.6271277
55.640675 37.593192
55.7146413 37.5902833
55.5998659 37.5316942
55.656455 37.5966323
55.629732 37.6043427
55.5377115 37.1531466
55.7003929 37.3908131
55.6742585 37.7651756
55.5968065 37.5958933
55.8520624 37.6060616
55.734947 37.633886
55.7475525 37.629746
55.8670477 37.6699291
55.7812593 37.8209541
55.8623634 37.6590455
55.7932999 37.5656369
55.7223909 37.5454638
55.6983844 37.6582586
55.7621326 37.7013334
55.7018145 37.9361974
55.6825905 37.9145152
55.619238 37.7617856
55.7540471 37.620405
55.7730575 37.6201192
55.596793 37.343056
55.7843734 37.7082391
55.7540471 37.620405
55.801536 37.636715
55.7670464 37.6222777
55.729252 37.5918718
55.792913 37.59012
55.814325 37.639285
55.7650097 37.5575206
55.7700484 37.6700574
55.7726236 37.4701757
55.7588521 37.7716201
55.621557 37.474588
55.7383883 37.7304737
55.7468863 37.6799118
55.5170039 37.3479759
55.7505052 37.5953612
55.6340324 37.4835368
55.7488049 37.4229784
55.7649821 37.5569142
55.7586563 37.6081991
55.807129 37.500543
55.7841356 37.7089224
55.7821754 37.6324429
55.7979447 37.7167517
55.8777762 37.6468949
55.7543961 37.6079333
55.7447915 37.7053849
55.8656238 37.5378173
55.6936993 37.5307231
55.5365248 37.5074563
55.7308555 37.4590849
55.7688532 37.6296263
55.743836 37.416035
55.7586826 37.7871581
55.6279861 37.6675391
55.347924 37.3924159
55.733367 37.6198286
55.705579 37.920673
55.7789933 37.5820394
55.814578 37.573636
55.8715897 37.4686513
55.7904684 37.5709511
55.8718136 37.520697
55.7577879 37.8055079
55.8189189 37.531155
55.7287786 37.5696021
55.4502274 37.5279085
55.7771601 37.6404725
55.7596874 37.8089158
55.7545418 37.6579409
55.662217 37.620869
55.7101498 37.5181012
55.7538479 37.5911189
55.7839896 37.584771
55.7406315 37.6652842
55.6787993 37.7795682
55.7595154 37.6098928
55.6951745 37.4093947
55.722568 37.570357
55.7439982 37.8058502
55.6605229 37.4669319
55.7845863 37.7089947
55.3880637 37.4224249
55.743573 37.396515
55.8476408 37.4191823
55.7674966 37.6081557
55.6999822 37.8056764
55.7102743 37.7350035
55.5214744 37.5208117
55.7626125 37.5950086
55.647158 37.691908
55.669087 37.623663
55.685782 37.543201
55.6156085 37.4478224
55.6373495 37.7545434
55.6468484 37.6159372
55.7583892 37.6365026
55.7155937 37.6445671
55.7694944 37.6253123
55.6647196 37.4372193
55.7156408 37.7714419
55.7358663 37.6138456
55.8334565 37.6314575
55.554308 37.52501
55.766552 37.568749
55.4846387 37.3067639
55.7567153 37.6657649
55.853541 37.565605
55.770202 37.6861139
55.8117225 37.7322066
55.824689 37.432669
55.8063146 37.6480643
55.742762 37.715911
55.7305046 37.6954763
55.776828 37.470405
55.7483958 37.7654639
55.7650657 37.6220436
55.7082053 37.643286
55.7540471 37.620405
55.798465 37.49471
55.6740647 37.5420862
55.6433805 37.6836335
55.6642153 37.7719183
55.7317042 37.3937791
55.6814907 37.7499958
55.736615 37.466009
55.6571463 37.554979
55.653111 37.532834
55.6463 37.5905967
55.715819 37.594019
55.9064324 37.575533
55.68429 37.550082
55.6763111 37.4671579
55.690035 37.472895
55.7593559 37.6561971
55.7132688 37.7798749
55.54511 37.481154
55.7654394 37.6395443
55.66434 37.764986
55.7379778 37.7225892
55.842054 37.677373
55.524891 37.3880327
55.7441415 37.5628713
55.755649 37.6151042
55.722952 37.4193795
55.798116 37.4619227
55.5832185 37.1754038
55.7544595 37.637318
55.735192 37.8112606
55.701166 37.622792
55.7724628 37.623056
55.6715012 37.5767509
55.663811 37.484864
55.730202 37.5924153
55.7178039 37.8361586
55.7237129 37.7327841
55.499963 37.2631448
55.8119767 37.7964906
55.5770655 37.6776944
55.8234367 37.5808662
55.7497366 37.5814745
55.662242 37.48031
55.7507996 37.5793929
55.650175 37.36979
55.7968874 37.6100565
55.7181853 37.6102147
55.4282263 37.2739592
55.5379611 37.5126997
55.5477188 37.5535117
55.6004805 37.3332359
55.7556507 37.6773738
55.6081975 37.7224667
55.8462454 37.4399067
55.7369404 37.6187854
55.6455059 37.754609
55.71426 37.5690775
55.7796432 37.5178233
55.6772398 37.577001
55.7523719 37.8165972
55.5472319 37.5343994
55.8640134 37.7006378
55.7188427 37.6140156
55.756483 37.6554037
55.6959236 37.7428899
55.4707576 37.5446116
55.729907 37.6699417
55.7549377 37.5666448
55.665218 37.501178
55.722897 37.530768
55.7860912 37.7223302
55.8719641 37.4870917
55.669762 37.626816
55.7138063 37.5973093
55.800772 37.638117
55.7136403 37.75754
55.6457464 37.6098957
55.5186302 37.2269166
55.6527243 37.6135891
55.8291071 37.5793369
55.8399764 37.428779
55.76729 37.6082328
55.755474 37.507753
55.7625006 37.6386314
55.8199739 37.4239609
55.709142 37.6325103
55.7532745 37.5841659
55.6828182 37.5613368
55.7627754 37.5683038
55.8351177 37.6243
55.612746 37.411553
55.7716985 37.5752372
55.7238901 37.6368601
55.7036608 37.7744848
55.8987551 37.6180764
55.5999438 37.3585334
55.6027675 37.4821015
55.6106606 37.6595967
55.7508437 37.7193072
55.6860958 37.7364153
55.6827824 37.5779066
55.6865415 37.5466763
55.638592 37.521533
55.684865 37.6876227
55.7625451 37.5668574
55.549653 37.499273
55.8722017 37.6314895
55.7008753 37.5926601
55.8655465 37.6058095
55.8074299 37.6115323
55.8059893 37.7764784
55.992321 37.254851
55.7617232 37.6459873
55.8295261 37.8110715
55.7785552 37.7262311
55.6737079 37.7329284
55.83491 37.4796687
55.7905397 37.7843395
55.7412002 37.5897797
55.7668811 37.5407659
55.8653761 37.4270796
55.6835731 37.7070648
55.7740005 37.5779762
55.815246 37.834947
55.6399594 37.7583009
55.780957 37.7086222
55.7354811 37.5873707
55.7330497 37.5916113
55.7139682 37.4749756
55.7970536 37.7049669
55.8150599 37.559097
55.6940449 37.7418783
55.8123385 37.572743
55.7502615 37.5838795
55.8373885 37.533524
55.7073229 37.6566583
55.7738816 37.5368824
55.7383685 37.6133891
55.7864937 37.7353597
55.7309517 37.68789
55.6818743 37.8533735
55.797235 37.787731
55.7414401 37.7290971
55.7026131 37.7662972
55.7582925 37.5801443
55.7395657 37.6336463
55.7563322 37.7563413
55.803621 37.524327
55.7557074 37.6658854
55.786917 37.3997154
55.792999 37.55257
55.6568606 37.7579302
55.7714392 37.6059225
55.7274862 37.535667
55.8870328 37.6939077
55.829436 37.414212
55.7037691 37.7955025
55.7891905 37.7855482
55.6056093 37.7162463
55.7226559 37.5985223
55.884191 37.560637
55.7632148 37.7856238
55.6956252 37.4531974
55.8689079 37.4800913
55.7789476 37.6136419
55.4296155 37.2713236
55.833906 37.6280757
55.6671455 37.5211357
55.6754104 37.5818752
55.645116 37.7345211
55.8189082 37.6550824
55.7706979 37.6167625
55.65887 37.573627
55.8299203 37.6624697
55.7271233 37.8302425
55.75349 37.6522778
55.7651009 37.7173327
55.769271 37.526816
55.7211791 37.6342996
55.7684871 37.4985082
55.7590501 37.7337725
55.859574 37.513583
55.7528008 37.6454721
55.789755 37.502516
55.646396 37.63615
55.7754251 37.6215691
55.8709464 37.5692068
55.7724318 37.6121665
55.725514 37.381845
55.6225322 37.496001
55.8656674 37.5723969
55.643635 37.6508112
55.636687 37.315415
55.6767966 37.7791095
55.7362763 37.7081968
55.7757873 37.6442621
55.675494 37.498851
55.993585 37.170526
55.68264 37.633311
55.6890012 37.535054
55.843919 37.569962
55.7482136 37.6272269
55.8369719 37.5496024
55.809636 37.60611
55.7769694 37.5492162
55.7181022 37.6379993
55.7281503 37.6195404
55.616801 37.5087351
55.6700161 37.7437473
55.8716054 37.6371795
55.7815978 37.4428981
55.872142 37.53658
55.581088 37.595249
55.7373666 37.5615129
55.47301 37.54109
55.7540471 37.620405
55.843884 37.554061
55.8336431 37.4514503
55.514687 37.356854
55.6812001 37.5448336
55.6980371 37.5160901
55.8150659 37.624889
55.7596828 37.57232
55.7784284 37.8378005
55.7939305 37.6107837
55.7622524 37.636645
55.598309 37.59242
55.661034 37.621507
55.7167448 37.6021152
55.7750293 37.6761664
55.625567 37.716064
55.4900638 37.3015087
55.8830288 37.6388714
55.7262198 37.700391
55.7625219 37.6563456
55.7089907 37.6357209
55.8632108 37.6590562
55.7650774 37.6397603
55.8935139 37.6726698
55.7765024 37.6746644
55.778512 37.522881
55.7500717 37.6449544
55.69834 37.625531
55.7278138 37.8363064
55.6134395 37.3104099
55.790327 37.501348
55.8204954 37.7254463
55.7427745 37.5609523
55.7809793 37.5916857
55.8238919 37.4142135
55.97469 37.171119
55.7473629 37.8043578
55.8974587 37.5917801
55.8387038 37.406866
55.7785821 37.5969946
55.6608665 37.7441105
55.9067936 37.6106835
55.8074159 37.6406667
55.7255936 37.648474
55.7896879 37.3985023
55.7299229 37.4846928
55.645085 37.525145
55.7283195 37.6905925
55.68226 37.60929
55.6836024 37.9209793
55.7922391 37.4549862
55.7211094 37.6369273
55.8361588 37.5101491
55.8123657 37.7797865
55.8589067 37.6233685
55.764047 37.6716739
55.8093366 37.6425047
55.7269904 37.6483362
55.7586921 37.677245
55.699588 37.732072
55.7600369 37.6492042
55.9840152 37.2181031
55.771557 37.82105
55.7440113 37.7881387
55.8794671 37.5590936
55.7634058 37.6148639
55.824405 37.646031
55.635614 37.660332
55.6766686 37.7564649
55.6955778 37.4218534
55.7929087 37.5204189
55.7781421 37.6314588
55.562103 37.572773
55.860726 37.502902
55.589921 37.651583
55.9760198 37.1569949
55.612309 37.653882
55.7225056 37.6058191
55.8315818 37.6665463
55.7126831 37.6875645
55.7934109 37.6324955
55.772142 37.585134
55.804663 37.59401
55.8410153 37.3598069
55.8065927 37.642627
55.5304872 37.3885665
55.5794396 37.48247
55.6504452 37.6128495
55.8093812 37.6013792
55.643388 37.472099
55.7763004 37.4755902
55.7984718 37.5806111
55.6309779 37.4001795
55.71762 37.646494
55.7516901 37.8194847
55.7792656 37.6113571
55.5948911 37.2336048
55.7875693 37.4722783
55.7459408 37.6589085
55.7412255 37.7691555
55.7257011 37.4051127
55.8465825 37.3639183
55.886757 37.599103
55.7955772 37.6936965
55.6521065 37.3731142
55.7954936 37.7161298
55.7614603 37.5747761
55.6280657 37.3120427
55.763852 37.5954358
55.710946 37.6814969
55.6732714 37.5827477
55.542345 37.493201
55.8651934 37.4947065
55.7696684 37.582752
55.8918936 37.6186749
55.7693607 37.5975484
55.7108896 37.8608937
55.739338 37.6663061
55.6763947 37.5395254
55.8266905 37.51773
55.7019184 37.7942927
55.6362746 37.7475687
55.7458607 37.6381387
55.8097111 37.6490924
55.7905634 37.5739155
55.8139257 37.7332984
55.6071484 37.4589417
55.8105282 37.7167234
55.8695006 37.6781279
55.7538487 37.667985
55.7071422 37.7930252
55.78623 37.5083031
55.7244072 37.7409377
55.8777496 37.5963231
55.7241242 37.6549572
55.79293 37.6276783
55.812837 37.5714116
55.7410805 37.8405193
