55.7251837 37.6490745
55.7693505 37.6049336
55.5870029 37.6013958
55.6602902 37.5377131
55.7425975 37.6117717
55.7292069 37.6345859
55.663629 37.73244
55.730948 37.64401
55.761796 37.6831665
55.7699878 37.7147949
55.7059082 37.7839279
55.730867 37.638773
55.8654282 37.4286787
55.7060903 37.6144001
55.7398268 37.596159
55.633739 37.324183
55.8057498 37.7579789
55.7589166 37.6442264
55.7721212 37.6783262
55.6194439 37.5092758
55.586222 37.596713
55.7722 37.6515678
55.6479116 37.3435938
55.751286 37.8162938
55.4927919 37.5669103
55.5797112 37.6710148
55.7529834 37.5876332
55.7232006 37.6271845
55.720372 37.822074
55.6617689 37.5159864
55.7575068 37.6371039
55.9105782 37.7363579
55.7295676 37.5900657
55.7711261 37.7378198
55.5330098 37.4978678
55.7540471 37.620405
55.7635666 37.6166351
55.8106202 37.8305121
55.7543416 37.7525485
55.7095324 37.5906422
55.7393349 37.4929069
55.855693 37.6298602
55.704819 37.6683838
55.7512173 37.5846803
55.7274498 37.4799621
55.7168633 37.5924012
55.755013 37.697639
55.789411 37.498887
55.699938 37.635314
55.6483227 37.549848
55.8423945 37.493076
55.7572795 37.6329577
55.7210615 37.4380002
55.559237 37.577822
55.7655011 37.6500687
55.7658529 37.6611719
55.7462999 37.5921123
55.7640614 37.6022258
55.7982248 37.5851884
55.792265 37.78712
55.6068189 37.5895048
55.7118626 37.6266537
55.7315615 37.6369033
55.661796 37.729592
55.5304872 37.3885665
55.8459869 37.576124
55.895525 37.390128
55.6103839 37.7402482
55.7473204 37.5835353
55.7584469 37.6410199
55.7211469 37.635767
55.8673633 37.5263488
55.7627273 37.5302626
55.7588929 37.6106286
55.6022433 37.6668997
55.704783 37.927042
55.8675269 37.6378657
55.8280354 37.5952717
55.726315 37.399399
55.7083007 37.5109896
55.7590123 37.6643824
55.7570521 37.61711
55.7787154 37.5894314
55.7379968 37.8467686
55.6743647 37.7692914
55.7822125 37.6005235
55.6690617 37.4535741
55.7260208 37.5814116
55.7166201 37.7457246
55.7469909 37.5880121
55.542813 37.477929
55.6727083 37.4718888
55.7816611 37.5917282
55.5694959 37.4386374
55.7540471 37.620405
55.7540471 37.620405
55.7953686 37.6170979
55.572594 37.473635
55.7042546 37.5956795
55.7500682 37.5931081
55.803 37.59155
55.7452245 37.6530464
55.7725913 37.663437
55.815873 37.505924
55.6594238 37.6076771
55.7601048 37.624912
55.8423111 37.4806514
55.6980583 37.4968046
55.7437941 37.7658299
55.801835 37.532107
55.6318925 37.4831513
55.7171968 37.8105134
55.680717 37.546749
55.8026869 37.5589084
55.4499789 37.5280652
55.8041492 37.7556436
55.819836 37.4952994
55.991893 37.21439
55.6879196 37.5865695
55.7408905 37.6506999
55.7431382 37.673987
55.670021 37.55248
55.7864513 37.7042274
55.7483239 37.5439649
55.798986 37.806461
55.671605 37.504088
55.644689 37.400099
55.7576833 37.6407239
55.7492839 37.5395966
55.8427546 37.3714806
55.7428163 37.8669543
55.6518837 37.689549
55.7843567 37.5971945
55.6735326 37.7509081
55.6134053 37.606291
55.7301798 37.6262791
55.4319492 37.2732057
55.816654 37.8030095
55.7681318 37.6774016
55.815696 37.600172
55.777685 37.4579573
55.7414685 37.53588
55.7667128 37.5974709
55.7341024 37.5720025
55.7436072 37.6997092
55.5462406 37.5577082
55.7211523 37.4017678
55.680266 37.5707297
55.7902749 37.8153749
55.8442631 37.3836731
55.8484588 37.3799421
55.7573393 37.659236
55.6530847 37.5539482
55.6552676 37.5733917
55.6190641 37.4651019
55.732802 37.6664934
55.7468243 37.5858801
55.751955 37.5849312
55.6915526 37.5381912
55.81081 37.6555365
55.7698404 37.61929
55.614378 37.614096
55.845855 37.662093
55.7091028 37.5953997
55.7342515 37.6424748
55.8311361 37.6253508
55.7758138 37.5868302
55.653644 37.620698
55.7070587 37.4625694
55.739265 37.824165
55.6905111 37.7903015
55.7025946 37.7822802
55.6595776 37.7495671
55.6650757 37.4814557
55.7473322 37.6561746
55.64889 37.746535
55.7783998 37.6939603
55.631097 37.521516
55.7385718 37.8303041
55.7536204 37.6630325
55.6663869 37.4724781
55.70291 37.5101317
55.7255936 37.648474
55.7733723 37.5987798
55.6992117 37.7749512
55.7397655 37.5957091
55.7570612 37.6758172
55.8266935 37.444808
55.6983107 37.744621
55.7610518 37.6233342
55.741075 37.432232
55.6819534 37.4946199
55.7552981 37.5601542
55.8007746 37.55492
55.5687069 37.5790632
55.7393304 37.4901555
55.710908 37.8182169
55.7331925 37.6466357
55.7456358 37.394622
55.6850901 37.5374026
55.8779993 37.4863315
55.6733919 37.6291785
55.6851664 37.8602394
55.8866481 37.6595181
55.845572 37.569351
55.7598994 37.6664949
55.687655 37.527678
55.7938513 37.5158294
55.7339239 37.6664936
55.86703 37.473354
55.8507941 37.3576718
55.792169 37.79366
55.7774355 37.5537562
55.8358138 37.4159961
55.7277863 37.5854651
55.6080119 37.7344646
55.7647756 37.6339944
55.7565089 37.5546249
55.7486296 37.6577218
55.7636665 37.4057978
55.7935786 37.8047693
55.7670708 37.8251627
55.9487045 37.4184803
56.005953 37.203224
55.4726192 37.3000874
55.7581717 37.5470574
55.8019743 37.5148347
55.7693222 37.5227388
55.7358077 37.6638898
55.565862 37.582366
55.6074329 37.7337947
55.8853249 37.6413858
55.7365523 37.5900364
55.6416797 37.5937521
55.7566089 37.6326112
55.7263773 37.784729
55.8363105 37.5037233
55.783256 37.574309
55.8051367 37.6332896
55.7662121 37.6064524
55.8397633 37.5428019
55.9067936 37.6106835
55.8597445 37.4999044
55.8127633 37.6497641
55.7834169 37.703047
55.785964 37.634479
55.6727505 37.5853106
55.7640561 37.5951917
55.8054577 37.5179814
55.7532896 37.5807015
55.6842454 37.6875203
55.7725261 37.6109475
55.7400253 37.5154303
55.6353371 37.6582157
55.5899451 37.3772476
55.7935839 37.7090171
55.6517391 37.7699976
55.6641026 37.5364272
55.8029396 37.5164575
55.7347104 37.8281946
55.7612196 37.6505313
55.7159901 37.701521
55.7506091 37.6101384
55.9865016 37.1518883
55.856507 37.3447608
55.6520575 37.6135344
55.7101639 37.5907086
55.7909984 37.7816992
55.851106 37.467123
55.7942867 37.5880407
55.8164523 37.8187171
55.8742342 37.7191395
55.856578 37.485268
55.654625 37.591476
55.8418131 37.4233771
55.6812793 37.4586134
55.8591642 37.4189659
55.719977 37.77626
55.6825267 37.6669445
55.7100776 37.6546933
55.6533318 37.4696567
55.7863807 37.6298238
55.7628538 37.6166632
55.6700763 37.5502361
55.8052829 37.5272891
55.5140703 37.5700657
55.6730412 37.6646829
55.7385905 37.488595
55.7844661 37.4605962
55.535159 37.5277131
55.8521088 37.4382616
55.6151359 37.6046409
55.6354445 37.7397498
55.782118 37.6312551
55.6487241 37.3692563
55.8324818 37.527528
55.715586 37.726565
55.5938099 37.6560145
55.809965 37.453145
55.7534619 37.5850821
55.7816172 37.6643747
55.7756012 37.586084
55.7928936 37.7895814
55.7832436 37.5280279
55.782782 37.705116
55.6422402 37.5963215
55.8731002 37.494543
55.6812316 37.7761041
55.8814813 37.4948342
55.848296 37.4217462
55.6777943 37.6588388
55.7478676 37.4243355
55.8997495 37.5521268
55.7904103 37.4058951
55.8841662 37.6468938
55.8711481 37.649739
55.7235611 37.6103281
55.6518322 37.400039
55.6599336 37.6139253
55.8976002 37.5960594
55.7157572 37.737216
55.7179935 37.5723624
55.631768 37.618022
55.7376243 37.3991302
55.6982191 37.5515833
55.7973043 37.6364115
55.658605 37.7442007
55.7615281 37.6536212
55.9842551 37.1496314
55.8231976 37.779575
55.725214 37.77679
55.7359378 37.7369205
55.8155412 37.5920912
55.7035043 37.5235246
55.7696066 37.5849431
55.6365711 37.5098097
55.7638769 37.6072881
55.7842008 37.7150254
55.8040517 37.5608964
55.591259 37.598339
55.7692137 37.6345938
55.8143433 37.5711827
55.7778131 37.5161936
55.7815724 37.5106901
55.5999243 37.5272489
55.8848578 37.6497289
55.7802079 37.5152238
55.7348741 37.6245659
55.683909 37.624272
55.7305695 37.6451343
55.7265082 37.637766
55.8847067 37.5984782
55.6827299 37.6618194
55.7493591 37.5877265
55.65785 37.540174
55.6054893 37.5449788
55.8053532 37.6353512
55.703226 37.55089
55.7530025 37.8026766
55.684808 37.5245475
55.697914 37.560377
55.6811759 37.8522794
55.7040807 37.7656896
55.5405209 37.5191504
55.8210959 37.7969717
55.7911185 37.7319786
55.792058 37.80523
55.7971677 37.5808199
55.7060576 37.4043504
55.7367445 37.6158787
55.8010606 37.6464657
55.7526882 37.8183714
55.687051 37.603927
55.8543115 37.4321323
55.7603192 37.6186263
55.9101298 37.3760005
55.6628575 37.5553822
55.626141 37.615093
55.756346 37.592402
55.7620035 37.6524149
55.8930824 37.5011244
55.8032722 37.402114
55.6409813 37.3383913
55.7474025 37.7071521
55.7517475 37.4115142
55.5469169 37.5525603
55.6363363 37.5113584
55.683909 37.621552
55.8455351 37.4388332
55.8343869 37.6610837
55.8509303 37.6792663
55.7432392 37.6286258
55.7143536 37.8874961
55.7676924 37.635243
55.743066 37.6296098
55.7399971 37.4981969
55.8000987 37.5356762
55.8020283 37.8040048
55.7390391 37.5867524
55.5460474 37.5588916
55.8161311 37.5039513
55.7575784 37.635259
55.8355136 37.5444396
55.7434218 37.6526805
55.5987455 37.5871886
55.6653455 37.5133687
55.637891 37.67767
55.7712787 37.6021529
55.7530321 37.6415552
55.7128861 37.4185165
55.7389364 37.5747354
55.7807645 37.6125082
55.7740113 37.5880115
55.8293828 37.6473125
55.5815397 37.6846955
55.6502485 37.7486778
55.5468374 37.5325115
55.7326621 37.627555
55.7464055 37.6750895
55.7022258 37.7624985
55.784585 37.6127529
55.6448075 37.3657636
55.8185546 37.632931
55.703033 37.573312
55.7669631 37.5642123
55.641182 37.4078935
55.6603663 37.6278057
55.71088 37.694585
55.7623332 37.6276479
55.7121348 37.6181002
55.71249 37.853657
55.7786742 37.6652778
55.7365695 37.5875287
55.798738 37.793409
55.7857787 37.7019652
55.6103621 37.469525
55.7828952 37.5652045
55.8631263 37.6070041
55.8742366 37.5138534
55.6800451 37.5135241
55.789703 37.6947881
55.7179382 37.4612957
55.6546194 37.520981
55.7167013 37.4479671
55.7344748 37.5957756
55.7247622 37.4269169
55.857261 37.608467
55.6128899 37.7021754
55.710666 37.391987
55.7361879 37.6543375
55.7417345 37.6559096
55.7738962 37.5983032
55.7457325 37.8742238
55.796634 37.5757112
55.581902 37.584838
55.8891998 37.5608743
55.6887164 37.5819928
55.8467267 37.4456849
55.8565715 37.6641407
55.7639158 37.6354682
55.76288 37.772487
55.7541349 37.6023284
55.7941668 37.5928162
55.7807016 37.6914169
55.8761325 37.5182599
55.6799059 37.7231695
55.8094971 37.4645058
55.6915196 37.5527702
55.7673622 37.6273773
55.8792543 37.5952011
55.8893246 37.57882
55.7877469 37.5195365
55.7720723 37.5919033
55.7234507 37.6286123
55.8398237 37.4886175
55.8157641 37.7318752
55.8705585 37.6379732
55.8128753 37.7063979
55.7678934 37.6322496
55.6297754 37.486035
55.633013 37.52156
55.98323 37.2474132
55.8654385 37.558141
55.7398497 37.6094122
55.6808922 37.5483341
55.881237 37.56004
55.90474 37.590623
55.703059 37.5060176
55.6768344 37.7448679
55.788434 37.747963
55.6740971 37.6576457
55.618182 37.5103697
55.729722 37.6317346
55.7826352 37.5320081
55.7206503 37.6218988
55.7186994 37.6231354
55.7589185 37.7520478
55.7394387 37.8194165
55.7112377 37.8803946
55.611795 37.614015
55.5321547 37.5194907
55.7312873 37.4713155
55.807597 37.637811
55.7064063 37.4710637
55.7433792 37.6295545
55.7261209 37.4072325
55.6214107 37.7395008
55.62189 37.7833723
55.7814199 37.6024304
55.661689 37.481469
55.792488 37.7837516
55.7280084 37.6313545
55.8445213 37.578082
55.7534835 37.5821434
55.5951287 37.5415786
55.693226 37.620761
55.7795855 37.6323636
55.794087 37.789483
55.6993069 37.8061236
55.7799729 37.5520892
55.8136694 37.7850335
55.6078794 37.6468536
55.4316052 36.871607
55.7622177 37.6470622
55.85578 37.47739
55.8704897 37.6560941
55.6956289 37.5031373
55.7344407 37.8530339
55.8585999 37.6860237
55.7702354 37.3730827
55.7621056 37.6203296
55.6720031 37.6315387
55.8038624 37.7604948
55.6967149 37.5900705
55.4969774 37.5698324
55.854486 37.565129
55.7285745 37.4311689
55.667681 37.51043
55.7603676 37.4574513
55.7532365 37.7154671
55.837236 37.6265243
55.7250066 37.6351322
55.7007407 37.571087
55.8172872 37.6930423
55.6436314 37.6531083
55.7228954 37.3971576
55.7840838 37.6331388
55.5504864 37.5313325
55.625156 37.7611029
55.7446531 37.5659953
55.7958054 37.5920858
55.7492839 37.5395966
55.636524 37.348392
55.6648201 37.6318918
55.8718635 37.6939206
55.6533125 37.4098631
55.6902154 37.6018327
55.7732235 37.6778857
55.8478164 37.5644267
55.8036676 37.7532171
55.5911881 37.6646413
55.663842 37.511445
55.7775179 37.617533
55.6531276 37.4810505
55.7902239 37.3539468
55.6751948 37.521558
55.5953361 37.7391844
55.7769694 37.5492162
55.6916402 37.5356109
55.668813 37.476752
55.7948622 37.6980257
55.7661943 37.3808607
55.6852467 37.851832
55.638114 37.617159
55.7422596 37.575091
55.717756 37.740552
55.7595115 37.6523798
55.7864589 37.603126
55.5947428 37.7377892
55.987604 37.2224892
55.644126 37.4904842
55.7720139 37.6223538
55.7995461 37.4077552
55.6726037 37.5684295
55.7727853 37.6786673
55.684473 37.624121
55.8553 37.562973
55.64604 37.677077
55.7087249 37.6221695
55.7612825 37.5701057
55.5422447 37.5572722
55.7641013 37.6086045
55.7412437 37.4177897
55.6693983 37.7572765
55.8503473 37.4440897
55.7459964 37.6765983
55.763291 37.6140615
55.618138 37.6974092
55.7859708 37.5749177
55.679146 37.4926146
55.7650586 37.6390755
55.66469 37.578262
55.7756946 37.6496444
55.6581885 37.5676241
55.7511376 37.6105363
55.648214 37.540847
55.7408671 37.6221519
55.8142522 37.6750138
55.864045 37.4701488
55.634144 37.441014
55.5973442 37.2040522
55.8168206 37.617028
55.9820484 37.2510155
55.734988 37.707242
55.6628079 37.7521146
55.7769789 37.6075026
55.8398898 37.4202264
55.7312725 37.6576003
55.7540471 37.620405
55.73056 37.644737
55.7338496 37.5813581
55.8700807 37.4698336
55.7050526 37.7746591
55.752753 37.6680381
55.7280509 37.5805142
55.6851308 37.4908093
55.7964112 37.5163113
55.694733 37.380175
55.6498009 37.7701021
55.5455177 37.5588848
55.8736347 37.6793412
55.7247491 37.6197893
55.7279227 37.6454483
55.655427 37.618794
55.7069885 37.6545453
55.6919677 37.5279829
55.7693699 37.5989872
55.7836819 37.4798414
55.8598654 37.6590969
55.5956681 37.6712147
55.7624719 37.5941947
55.8309632 37.4491838
55.78893 37.480355
55.6377509 37.3767196
55.5992399 37.1688896
55.7395184 37.5875443
55.842584 37.486954
55.7634769 37.6352329
55.8267645 37.6001058
55.86821 37.5368934
55.670696 37.463245
55.6889999 37.5797828
55.5705613 37.3540743
55.7673042 37.7289634
55.6149432 37.7212693
55.7797415 37.5969288
55.6710372 37.6606658
55.7469575 37.8051041
55.7174575 37.6012268
55.6846703 37.6099081
55.7324659 37.533703
55.659429 37.644306
55.7308097 37.6415705
55.7417611 37.4166788
55.8631209 37.6095179
55.7373725 37.6367171
55.6630285 37.7142211
55.64452 37.8212769
55.70854 37.5448373
55.7592786 37.6047246
55.7237631 37.6101011
55.7466006 37.56106
55.983651 37.1737864
55.7519785 37.6178038
55.7569845 37.5922691
55.7590101 37.6307761
55.5701606 37.5644735
55.6717662 37.6072591
55.7621486 37.7325756
55.7601726 37.5794352
55.6553892 37.5575616
55.809272 37.636402
55.705231 37.7630423
55.613677 37.580984
55.7511457 37.7894108
55.863833 37.545581
55.63037 37.516844
55.7277947 37.6242896
55.7903918 37.753073
55.7823978 37.6777387
55.714079 37.7493032
55.7557987 37.6567633
55.7975024 37.5018966
55.606581 37.6583032
55.6584997 37.8392393
55.7626118 37.6055739
55.497266 37.56936
55.6726676 37.7329989
55.7879003 37.7296369
55.6415941 37.5041342
55.7508327 37.5955506
55.792184 37.496794
55.5786241 37.6550612
55.7196981 37.6664747
55.688989 37.529358
55.773196 37.638611
55.7001845 37.6550042
55.766824 37.5403915
55.7797995 37.5352838
55.7942136 37.7163736
55.612929 37.605454
55.7651422 37.5615609
55.6700184 37.549065
55.7828753 37.7296477
55.7677489 37.6068357
55.7831775 37.5692122
55.6685105 37.5599105
55.7433527 37.6638267
55.7611802 37.6377811
55.7663807 37.5294537
55.7040578 37.4007356
55.6626414 37.7736778
55.6060693 37.2912153
55.728536 37.6128118
55.7030488 37.6950272
55.5158412 37.3512382
55.8985923 37.6293577
55.7674654 37.6010896
55.6773609 37.765311
55.863066 37.6021967
55.7494352 37.7102938
55.635492 37.617285
55.6644439 37.4692771
55.7397381 37.7831439
55.647325 37.740525
55.8411554 37.4299366
55.753545 37.5982422
55.7582895 37.4056728
55.8489046 37.3541429
55.7356377 37.7131259
55.8486191 37.6529733
55.794462 37.749149
55.741927 37.4976091
55.6747257 37.6602864
55.851449 37.492635
55.7201302 37.7160518
55.795877 37.562652
55.735003 37.569773
55.7903868 37.5303997
55.978035 37.165235
55.753225 37.706973
55.6121172 37.6070486
55.863111 37.473788
55.7555328 37.6755579
55.8086187 37.5934937
55.5121307 37.5737145
55.802786 37.636814
55.800841 37.5841181
55.771384 37.7310749
55.6030527 37.5291762
55.7923412 37.6767681
55.7084348 37.6526526
55.702947 37.570258
55.6360266 37.7523761
55.6883005 37.5696388
55.7232006 37.6271845
55.8887558 37.6676384
55.7557726 37.614704
55.6771705 37.4527386
55.8389346 37.4895947
55.8351268 37.4005287
55.6415993 37.7654007
55.7449983 37.5980496
55.8091304 37.5299884
55.7755364 37.491723
55.7047972 37.8163304
55.6148679 37.5141195
55.8057173 37.5060924
55.8404754 37.4936879
55.6842223 37.8570473
55.6988742 37.7402126
55.7744861 37.6852737
55.7335146 37.5852056
55.8765621 37.422318
55.8846695 37.6037814
55.8408318 37.5357769
55.64005 37.400441
55.5825672 37.4763973
55.7001865 37.5802234
55.747991 37.570707
55.7903238 37.6804584
55.6373594 37.6637917
55.579012 37.605724
55.7604153 37.6120113
55.7312472 37.6037631
55.7334414 37.5779915
55.7066388 37.7637685
55.7204384 37.4679149
55.7540471 37.620405
55.7288864 37.6448627
55.8308907 37.3595929
55.7737918 37.6035298
55.749344 37.597288
55.7958089 37.5817731
55.7540471 37.620405
55.6000427 37.6008793
55.7323527 37.6830359
55.7940759 37.6654477
55.629831 37.424111
56.00883 37.199852
55.8858787 37.6600824
55.8687252 37.6624736
55.7871231 37.7184418
55.664837 37.545015
55.8800313 37.7122472
55.6328459 37.4848242
55.617342 37.715812
55.8453662 37.37443
55.6840573 37.7344247
55.777727 37.673789
55.865606 37.462173
55.681757 37.567788
55.7384351 37.5770835
55.5037321 37.5354654
55.7577464 37.4090429
55.8500118 37.4785932
55.5923023 37.6205755
55.6536818 37.6177314
55.6308661 37.6706611
55.7625525 37.6067404
55.661816 37.419916
55.7592799 37.6104179
55.7648374 37.8332095
55.74674 37.49427
55.702805 37.946643
55.7839202 37.6365193
55.702982 37.948844
55.3724268 37.3450315
55.806798 37.516153
55.8338334 37.6208723
55.8036328 37.3883475
55.7733706 37.6837876
55.8315583 37.5162777
55.7549749 37.5805574
55.6220675 37.4343942
55.580846 37.6575215
55.7454391 37.6278233
55.6491414 37.3263107
55.6987617 37.6362592
55.785316 37.493811
55.7088513 37.6394323
55.744961 37.508391
55.7687094 37.6790519
55.704823 37.497495
55.8028433 37.5847269
55.8063853 37.5966674
55.7392203 37.5083124
55.6827334 37.6977522
55.708242 37.73067
55.77074 37.581334
55.7596593 37.6641343
55.8094971 37.4645058
55.821876 37.797137
55.7828502 37.715919
55.7428949 37.8551664
55.7505322 37.5394209
55.7777181 37.8273409
55.643658 37.526232
55.6080469 37.593304
55.5630734 37.5842613
55.6377166 37.7574822
55.7159984 37.5700105
55.6024591 37.3636037
55.812944 37.6387562
55.6645506 37.5993317
55.647783 37.481154
55.6330462 37.7694808
55.8572285 37.3502999
55.7304857 37.6635869
55.8592314 37.5856278
55.7029527 37.5114578
55.8620487 37.6895411
55.7603704 37.7943813
55.6255582 37.6122833
55.7871546 37.741724
55.6525864 37.7638019
55.7599775 37.6214006
55.7866598 37.595272
55.7724294 37.7406587
55.7938964 37.5933145
55.815037 37.6908116
55.6640035 37.5291014
55.7425381 37.684184
55.7384232 37.6556731
55.7732415 37.5372659
55.755649 37.6151042
55.7122794 37.6540387
55.6290845 37.6201452
55.761841 37.64531
55.6260951 37.666202
55.7869516 37.6322957
55.7714566 37.5927687
55.816303 37.574363
55.725716 37.532475
55.5775053 37.6757477
55.6914725 37.6033359
55.5675026 37.5737849
55.8273889 37.6000995
55.690374 37.550657
55.7496858 37.7803488
55.748382 37.417203
55.7515053 37.5353676
55.7444485 37.5452471
55.8014092 37.6725858
55.8850658 37.5879346
55.7737856 37.6818678
55.8092077 37.8323484
55.6652615 37.7392285
55.7631057 37.6349303
55.7422391 37.6343025
55.8101593 37.6327024
55.7725949 37.4711751
55.8510752 37.4346058
55.8790608 37.7202599
55.612589 37.605274
55.8968821 37.6222125
55.6470245 37.4118233
55.645847 37.560682
55.7169092 37.7755439
55.7512337 37.6286243
55.7911181 37.5205099
55.982779 37.179895
55.5867778 37.7249679
55.6078898 37.6566836
55.7385937 37.6511884
55.7784265 37.599651
55.8595681 37.5780823
55.591475 37.6466007
55.7237232 37.6871164
55.6225116 37.7459649
55.60102 37.602526
55.6521217 37.75319
55.7502771 37.7841408
55.7322651 37.6651366
55.7695876 37.630432
55.4846387 37.3067639
55.8109072 37.7179394
55.6241631 37.4926454
55.7694669 37.5005497
55.7205721 37.6666886
55.6104962 37.5137731
55.8273213 37.5953973
55.8862066 37.7016
55.776573 37.573851
55.7300413 37.5625823
55.8152419 37.7272377
55.8481878 37.4898621
55.814892 37.574157
55.84016 37.4915995
55.698396 37.633158
55.7360872 37.5735136
55.7794832 37.6444691
55.7467543 37.6901037
55.8000302 37.4029612
55.819838 37.641198
55.7652331 37.6385829
55.6474967 37.5954944
55.8043885 37.4269768
55.4984365 37.5092055
55.6288492 37.6111517
55.7762179 37.6728239
55.8636366 37.5650186
55.8511361 37.643148
55.4771484 37.5285013
55.779241 37.853829
55.806945 37.516934
55.7648709 37.7390184
55.7048754 37.6765484
55.7792716 37.6987487
55.8172877 37.5692451
55.8169582 37.687715
55.7638879 37.6289561
55.785792 37.595653
55.649027 37.631038
55.7822293 37.4629968
55.8238435 37.4972227
55.7106235 37.6750134
55.781914 37.697109
55.8113805 37.7734371
55.5539 37.553981
55.697711 37.62528
55.6342207 37.7485163
55.8670526 37.5310212
55.6759929 37.6814428
55.67459 37.503468
55.9008405 37.3958316
55.8801753 37.4898997
55.809348 37.450872
55.582496 37.6711505
55.559746 37.575639
55.6547727 37.7396321
55.8776871 37.4708584
55.8024521 37.8003265
55.729397 37.734524
55.489815 37.564796
55.7260239 37.5779893
55.6226703 37.7064057
55.744869 37.498744
55.703992 37.625909
55.657229 37.4270753
55.7914486 37.4529669
55.7916214 37.4912501
55.6108493 37.6006381
55.9181486 37.3865367
55.690846 37.548869
55.795185 37.468434
55.7910997 37.5905069
55.47768 37.29801
55.627661 37.62051
55.8813885 37.7119153
55.672905 37.524318
55.63037 37.516844
55.7903739 37.7835824
55.8279756 37.489339
55.8328478 37.6575178
55.7529443 37.6349694
55.624978 37.415494
55.7403736 37.6588938
55.7941668 37.5928162
55.7399102 37.593906
55.703797 37.773701
55.727399 37.571767
55.708486 37.659622
55.7764283 37.5000769
55.7435321 37.5455594
55.7759068 37.4424929
55.7350314 37.6399314
55.7728884 37.490437
55.798115 37.495626
55.613997 37.608975
55.852076 37.625127
55.7578659 37.6062191
55.7006245 37.9222991
55.8669573 37.5704187
55.6488313 37.6390541
55.5947041 37.6625014
55.688649 37.623411
55.7566089 37.6326112
55.7438557 37.6614324
55.8233623 37.6585658
55.704078 37.6146767
55.7507828 37.582537
55.7483362 37.8163505
55.874748 37.602813
55.8752365 37.5133578
55.7565453 37.6539959
55.6048226 37.7122895
55.7208381 37.6973546
55.6930368 37.8565627
55.6864464 37.614442
55.7540471 37.620405
55.772167 37.435284
55.7601048 37.624912
55.4937668 37.2996582
55.807548 37.5795702
55.779631 37.576412
55.8110605 37.8087876
55.759927 37.614132
55.7158027 37.4380127
55.634144 37.441014
55.8184547 37.7290103
55.74727 37.6300001
55.695058 37.4226818
55.8099317 37.4040974
55.7450879 37.8815386
55.7474769 37.5573867
55.7567484 37.5624525
55.7933751 37.6004849
55.6774675 37.4689311
55.6481387 37.735355
55.4280286 37.2698943
55.514661 37.354465
55.7955619 37.706647
55.662222 37.732656
55.6366595 37.7948165
55.8913413 37.5855571
55.7540471 37.620405
55.7978236 37.4909498
55.7518479 37.8127118
55.9784751 37.1555852
55.7386329 37.4111005
55.643114 37.589033
55.80438 37.791477
55.862813 37.547701
55.6790025 37.5630085
55.7508295 37.8204135
55.7912063 37.5047076
55.7244344 37.461725
55.7932335 37.6363727
55.6217865 37.4277862
55.7118497 37.7512098
55.8654562 37.7047982
55.8017462 37.584782
55.6952804 37.7260775
55.7917788 37.6025092
55.8054498 37.3866321
55.636768 37.652705
55.70451 37.726467
55.7375647 37.6293896
55.8253274 37.6026516
55.7579483 37.5019361
55.7443056 37.6306105
55.8449911 37.6391672
55.8394338 37.4942185
55.823211 37.497468
55.8081717 37.4079571
55.7540471 37.620405
55.791258 37.635161
55.6826956 37.8619024
55.75065 37.817444
55.8477183 37.3601469
55.7397895 37.6660349
55.5748821 37.5800358
55.771202 37.622278
55.797356 37.7187988
55.7660646 37.5956124
55.7378698 37.5865279
55.7720029 37.5817588
55.7289784 37.5587474
55.8744153 37.5234754
55.621409 37.713962
55.633851 37.41405
55.7256106 37.4495933
55.839006 37.49091
55.5944953 37.6112226
55.7159444 37.3894889
55.6848091 37.8477125
55.7146158 37.8835661
55.663024 37.481001
55.5217631 37.3523003
55.5969827 37.5117646
55.70526 37.93386
55.6930333 37.6654009
55.9948183 37.1874017
55.791263 37.487856
55.7481216 37.6550671
55.7321026 37.6428419
55.7422892 37.6520218
55.8854227 37.6021688
55.6435433 37.7090874
55.7091748 37.5465948
55.8154532 37.4937126
55.868248 37.483687
55.7929201 37.486553
55.686345 37.850272
55.7644436 37.6637648
55.7615466 37.6901512
55.5488747 37.5820287
55.7996877 37.6043956
55.8041785 37.5834255
55.7540471 37.620405
55.5121969 37.3529856
55.7174849 37.7853314
55.90968 37.540721
55.683919 37.550567
55.582986 37.59524
55.7747126 37.6821123
55.879495 37.539877
55.8273889 37.6000995
55.7411469 37.6225365
55.7658337 37.409837
55.494558 37.578594
55.7425122 37.6821797
55.6858631 37.44174
55.4864877 37.2998076
55.7766435 37.7000543
55.7417345 37.6559096
55.7779982 37.5882698
55.8461752 37.539225
55.776811 37.657323
55.8593066 37.6871448
55.7025156 37.6699597
55.8103822 37.5076786
55.7133232 37.6953059
55.7344407 37.8530339
55.7668742 37.4080009
55.6636244 37.3868818
55.515558 37.356953
55.8099206 37.6439989
55.541606 37.482053
55.798055 37.497629
55.794745 37.806955
55.7512994 37.6071095
55.7369225 37.6646368
55.7755168 37.6585296
55.7924598 37.7903314
55.7613638 37.6411946
55.8237599 37.5009237
55.6453783 37.5212343
55.7212151 37.6943042
55.7773475 37.6434653
55.6522604 37.7422022
55.8589096 37.4671029
55.6474481 37.7195589
55.8529779 37.3479887
55.6564633 37.4704756
55.7753088 37.6175933
55.7652696 37.6021856
55.7433689 37.8719506
55.8598772 37.6171226
55.4680155 37.2964383
55.7156943 37.6158818
55.734557 37.6622648
55.7382207 37.6278688
55.7714646 37.612582
55.696977 37.8504281
55.801048 37.5851671
55.618567 37.413008
55.8487641 37.6396608
55.6071484 37.4589417
55.6724059 37.5827462
55.6416373 37.4097366
55.704078 37.6146767
55.6822076 37.6776435
55.8188302 37.618855
55.7379118 37.6318436
55.6689463 37.6099993
55.6598271 37.7530779
55.67508 37.7579994
55.617058 37.40725
55.7199125 37.7435789
55.6897572 37.654321
55.648103 37.350056
55.714271 37.6708873
55.7540471 37.620405
55.7207645 37.6102354
55.637078 37.353189
55.7784028 37.6233946
55.7053621 37.5891484
55.6788656 37.5625632
55.7328036 37.4758056
55.8899371 37.3883179
55.7756674 37.6432061
55.7725339 37.5947804
55.7978941 37.8128837
55.651318 37.744522
55.6974949 37.5002194
55.77034 37.5991858
55.7161163 37.8790525
55.68529 37.628828
55.707491 37.928632
55.7276166 37.6302927
55.652832 37.406989
55.626101 37.311274
55.7622125 37.6221157
55.8089111 37.8312304
55.5061626 37.5859
55.8139737 37.5998924
55.7590123 37.6643824
55.7228362 37.6488633
55.676534 37.59869
55.687497 37.543327
55.7999296 37.705264
55.7084656 37.598453
55.6614456 37.4131479
55.776168 37.6553667
55.550687 37.509361
55.5690026 37.5886998
55.472311 37.539428
55.7841804 37.4684618
55.7572903 37.6340287
55.7138517 37.6571565
55.559237 37.577822
55.721305 37.770978
55.7198155 37.605899
55.7088258 37.8854722
55.7409301 37.6210318
55.7715996 37.6039467
55.7832268 37.5977901
55.859539 37.55743
55.7352487 37.8075391
55.7703505 37.6012732
55.6105608 37.709555
55.7970054 37.6443712
55.6048149 37.7447601
55.618224 37.6731125
55.8741767 37.5502848
55.8531708 37.5094367
55.7822844 37.7142677
55.6921337 37.3474933
55.7513027 37.7834193
55.8501982 37.5851511
55.7497889 37.5529146
55.7070613 37.4570405
55.7426119 37.657455
55.6188826 37.2773339
55.7514655 37.6701383
55.7745207 37.5871334
55.7128634 37.8454195
55.7639286 37.783261
55.7702436 37.5970571
55.8180259 37.7262192
55.743121 37.5442461
55.7749568 37.6011689
55.7955791 37.6784235
55.7190587 37.4290695
55.7061381 37.5109889
55.7311231 37.6292167
55.7397647 37.6696517
55.668346 37.518353
55.7662487 37.6075482
55.7738482 37.6824997
55.614312 37.385448
55.7346704 37.4763421
55.78119 37.468856
55.5999641 37.7278165
55.6059912 37.6464149
55.7745567 37.6740468
55.7654076 37.6114669
55.7564352 37.7955396
55.6868196 37.8519377
55.742377 37.869442
55.5943435 37.6056673
55.860469 37.556181
55.6641373 37.7533132
55.5177917 37.3493575
55.7535748 37.6211235
55.7297425 37.5887238
55.7544397 37.6368773
55.7876179 37.6111262
55.7696315 37.4075437
55.8179266 37.8152682
55.78567 37.665307
55.8111125 37.8001995
55.6794025 37.6520811
55.5491786 37.5542435
55.623625 37.507008
55.785169 37.564042
55.7634512 37.5938455
55.833906 37.6326879
55.780411 37.6915918
55.7664238 37.5942849
55.534649 37.5220748
55.826417 37.571597
55.7853715 37.6360343
55.813566 37.603927
55.3238192 37.3977447
56.007121 37.203817
55.7666925 37.6242677
55.7138017 37.793243
55.7192285 37.7980166
55.739184 37.618345
55.5129669 37.3434277
55.557266 37.494368
55.7645401 37.6542898
55.64824 37.663009
55.569502 37.5751439
55.626579 37.313502
55.5501419 37.5581148
55.7770764 37.5237091
55.71236 37.882566
55.7601942 37.5846568
55.7524249 37.6020907
55.7718342 37.8326554
55.7422161 37.7651137
55.8153497 37.5126301
55.905679 37.544423
55.8740651 37.6989142
55.7028683 37.7454084
55.8972952 37.6059756
55.600923 37.412316
55.583953 37.599148
55.639629 37.361238
55.623788 37.422027
55.7416631 37.6885519
55.754117 37.799445
55.8932491 37.5559264
55.584584 37.669019
55.617281 37.417446
55.6724171 37.7448455
55.7632649 37.5911102
55.7482404 37.5408836
55.722112 37.905518
55.803796 37.8410061
55.7179025 37.6075764
55.642143 37.6045935
55.7504759 37.5944414
55.8218081 37.6602979
55.8515335 37.34634
55.8873966 37.6392327
55.743416 37.499363
55.7614265 37.5621583
55.8004143 37.7561199
55.8128604 37.5760021
55.61813 37.507484
55.872744 37.5662682
55.826957 37.5788083
55.8647347 37.4322833
55.734785 37.824607
55.6407791 37.6033268
55.7549779 37.6490301
55.6880733 37.5380373
55.7647128 37.6398987
55.7693142 37.5833471
55.845855 37.662093
55.7647058 37.6030581
55.7476819 37.5350195
55.7657357 37.6161927
55.7685824 37.6010653
55.7570703 37.6233456
55.6845989 37.8589461
55.4759451 36.9000257
55.847311 37.628999
55.749603 37.597872
55.6552258 37.7621474
55.8332298 37.4091388
55.5948159 37.5970227
55.8111125 37.8001995
55.7766866 37.6880741
55.7103167 37.5682966
55.741612 37.615533
55.6005658 37.4722731
55.8245194 37.6569023
55.726264 37.382896
55.8256928 37.6261045
55.7434032 37.542419
55.8779125 37.7315699
55.590175 37.447656
55.8476467 37.3705404
55.7540471 37.620405
55.8648135 37.4758094
55.815568 37.5560893
55.7677228 37.6313865
55.7324965 37.5893614
55.808058 37.583068
55.8273707 37.4351553
55.800502 37.6381232
55.837048 37.6342503
55.724773 37.774499
55.678012 37.5326575
55.8277339 37.598885
55.541591 37.48932
55.7485827 37.7811155
55.7525141 37.7024286
55.825629 37.647298
55.7323322 37.6408181
55.7286079 37.623657
55.888922 37.530571
55.8054498 37.3866321
55.8758962 37.4233714
55.7375585 37.6288704
55.60279 37.545069
55.608816 37.535412
55.7242133 37.8252517
55.6848699 37.6126672
55.7350185 37.6519965
55.7504158 37.6531269
55.7444348 37.6791086
55.888296 37.588683
55.7822413 37.8412392
55.676159 37.545572
55.8463036 37.5855263
55.727187 37.667546
55.6163747 37.7337541
55.6446375 37.7148803
55.8369666 37.497583
55.5717755 37.4929706
55.662187 37.630499
55.7826199 37.6627828
55.7623585 37.5640619
55.664248 37.51759
56.009914 37.19915
55.8090795 37.3956391
55.7997691 37.7814603
55.7374624 37.4989483
55.5700973 37.4910629
55.7443629 37.5665334
55.8479374 37.6742113
55.6546732 37.7390581
55.667792 37.836851
55.7443724 37.6272199
55.724083 37.6108088
55.7268703 37.4716246
55.500596 37.519207
55.8156063 37.7155382
55.7693142 37.5833471
55.865419 37.560098
55.7624161 37.8331368
55.5867778 37.7249679
55.640151 37.5330096
55.865975 37.557367
55.7711714 37.6201046
55.8888176 37.6325209
55.5267843 37.4463007
55.7829569 37.7330465
55.593054 37.460313
55.5853202 37.1966883
55.689141 37.545833
55.6003294 37.599024
55.6452935 37.6575753
55.8575609 37.6100597
55.7059039 37.6981526
55.7540471 37.620405
55.8701357 37.6337922
55.786283 37.613503
55.879272 37.7151653
55.634144 37.441014
55.5737312 37.6178295
55.863848 37.436661
55.646223 37.385978
55.8294257 37.818026
55.7273266 37.4725656
55.7646575 37.6087394
55.8251523 37.5852686
55.74826 37.776206
55.7400562 37.6538986
55.7122881 37.6262611
55.6975219 37.9239591
55.4765496 37.3142848
55.8230432 37.3539602
55.7879258 37.6977947
55.8027473 37.6412302
55.7024913 37.7106367
55.6892731 37.4878039
55.6927391 37.4215506
55.853769 37.501762
55.6525982 37.7676182
55.6240154 37.7071259
55.7963112 37.6888391
55.734557 37.6622648
55.5032888 37.5615453
55.652996 37.540806
55.7616587 37.6327588
55.7537344 37.5828501
55.706847 37.5920724
55.7772551 37.6180957
55.84016 37.4915995
55.7223096 37.46424
55.622736 37.304815
55.6151638 37.6282311
55.8239339 37.6343894
55.644227 37.38878
55.7427609 37.5988899
55.7261009 37.5611597
55.5351863 37.514661
55.8129808 37.4117375
55.7760296 37.5851873
55.6204032 37.6229557
55.7197691 37.4256129
55.81434 37.601699
55.9864716 37.1458715
55.7598492 37.625594
55.7763194 37.6769794
55.7545615 37.6217053
55.8114163 37.6328039
55.6419303 37.5011971
55.7741856 37.5806172
55.996727 37.214705
55.80683 37.5686827
55.7621809 37.569992
55.8873856 37.4026814
55.639557 37.359558
55.7430337 37.6489831
55.7786846 37.5246399
55.78813 37.74931
55.8050163 37.4194674
55.781901 37.708293
55.7402332 37.52401
55.5278418 37.3727577
55.604529 37.356648
55.8757553 37.6702766
55.7337818 37.5881195
55.66076 37.480265
55.7427553 37.629727
55.6988871 37.6384725
55.7776169 37.5496922
55.7107454 37.6132123
55.7407471 37.6098417
55.7379584 37.4176479
55.588649 37.604448
55.778926 37.6906376
55.7194247 37.6083365
55.8447375 37.5009317
55.8366259 37.4899217
55.8230294 37.6557571
55.555184 37.554008
55.8550004 37.6534571
55.7288401 37.6109856
55.7763259 37.6795448
55.7897815 37.7863279
55.6586506 37.7721149
55.758363 37.6338297
55.7909366 37.6035672
55.7632511 37.6045706
55.826494 37.7528559
55.7451168 37.5949625
55.7755024 37.6720661
55.703155 37.950668
55.686269 37.511472
55.7809958 37.5374832
55.785351 37.482502
55.721822 37.5136654
55.7106303 37.6073771
55.6667406 37.7715482
55.514345 37.352084
55.7764951 37.6908918
55.7820187 37.7040758
55.6583521 37.6033845
55.868834 37.485511
55.5668456 37.5763227
55.7668017 37.4042565
55.729868 37.730437
55.771172 37.5959172
55.850798 37.674517
55.6849241 37.5959183
55.638572 37.325593
55.8638056 37.465477
55.7540904 37.7912575
55.776279 37.852805
55.7427059 37.4035982
55.7037807 37.7718806
55.6217724 37.6076862
55.8351429 37.4472162
55.806717 37.602526
56.0077466 37.1945958
55.808029 37.5191853
55.7814747 37.4816395
55.8049714 37.4206522
55.864217 37.540533
55.8021144 37.5167669
55.6859343 37.6185076
55.7562716 37.7882736
55.7826371 37.7234356
55.7316355 37.7158316
55.7623832 37.571796
55.5403116 37.5160717
55.716722 37.8944844
55.5908717 37.6234416
55.888874 37.595848
55.649063 37.744936
55.7639755 37.5807314
55.7781199 37.7325714
55.81421 37.52723
55.7062991 37.684721
55.8068242 37.4065126
55.758543 37.6240053
55.800134 37.48154
55.7865662 37.676473
55.7450054 37.7175218
55.6184137 37.2766914
55.6859646 37.7185642
55.6806221 37.6353801
55.991893 37.21439
55.7622955 37.7762583
55.681752 37.617959
55.877738 37.580714
55.7549953 37.6537001
55.664155 37.4822662
55.6713362 37.4459062
55.6964823 37.5027185
55.7629963 37.6057865
55.6633498 37.4662535
55.6319285 37.313154
55.7669155 37.6030166
55.6772211 37.6183002
55.8701777 37.6659632
55.632901 37.414966
55.749588 37.5371164
55.8271842 37.4888187
55.6813975 37.4489303
55.6670194 37.5239309
55.7692123 37.5751382
55.5465252 37.5293412
55.6844401 37.6742318
55.8080034 37.7135767
55.6290863 37.4462957
55.970766 37.160959
55.678707 37.634631
55.7785206 37.6294319
55.7516513 37.7148551
55.67756 37.607754
55.8351268 37.4005287
55.765225 37.638719
55.7746695 37.5839397
55.8521488 37.5896305
55.7433016 37.5629276
55.7416918 37.5247393
55.6443074 37.49478
55.6743078 37.7627717
55.8051806 37.399995
55.7728109 37.6206352
55.7640614 37.6022258
55.8565174 37.4108064
55.6222982 37.7512319
55.8697381 37.6372651
55.661862 37.546552
55.6946417 37.6767001
55.842389 37.3733862
55.7624102 37.625921
55.7724595 37.6800039
55.7823135 37.6010274
55.564409 37.500917
55.7683505 37.5954631
55.6990025 37.5009886
55.784741 37.7074786
55.7666553 37.7330649
55.7487456 37.5346994
55.7404308 37.6541763
55.5501419 37.5581148
55.7772727 37.6121622
55.857026 37.6104826
55.7757978 37.5955985
55.7887463 37.5670208
55.7761067 37.6756459
55.8820203 37.5289287
55.8351247 37.5351119
55.832095 37.483957
55.696123 37.469817
55.7184392 37.4204821
55.7893054 37.7322577
55.9727821 37.1969531
55.6244547 37.7091054
55.488295 37.298302
55.81135 37.6935484
55.7434037 37.8042255
55.6857229 37.5655919
55.6801076 37.6405381
55.690461 37.422701
55.636006 37.324623
55.8192344 37.6593212
55.6570534 37.6068238
55.6685867 37.7899241
55.7839475 37.6285935
55.6578598 37.4267084
55.8456051 37.5355516
55.6413018 37.6561965
55.6935447 37.4960709
55.836174 37.5191652
55.8572299 37.4738877
55.654807 37.374767
55.7441454 37.5780567
55.8810069 37.5103796
55.4886094 37.2961451
55.7647826 37.6505328
55.7224858 37.7259654
55.4583458 37.2224012
55.7742214 37.6307282
55.8636066 37.5548802
55.7424597 37.5309833
55.7822777 37.5905891
55.749588 37.5371164
55.602835 37.5281
55.7112907 37.6525028
55.8573791 37.3435632
55.7369272 37.6593995
55.617378 37.411463
55.752445 37.71445
55.7943212 37.4040626
55.802776 37.583751
55.5567845 37.5067888
55.7261799 37.4947164
55.7705946 37.646523
55.750504 37.708158
55.6461498 37.752658
55.7518549 37.5325943
55.7808502 37.6137532
55.888296 37.588683
55.5020607 37.6019236
55.7246708 37.4323501
55.7540471 37.620405
55.7465361 37.5916183
55.7817064 37.7155929
55.796152 37.7692627
55.7747458 37.6810158
55.750864 37.412406
55.7515078 37.8278882
55.789406 37.569539
55.8803736 37.6947189
55.7570007 37.738783
55.6098545 37.6050521
55.6420957 37.4840796
55.77265 37.5409688
55.879702 37.541898
55.7405092 37.7067659
55.7381113 37.6619817
55.862969 37.434918
55.6412162 37.5955666
55.7427778 37.5858405
55.6433201 37.7388901
55.678118 37.603514
55.7802599 37.5930566
55.8758247 37.5160575
55.6060152 37.6499204
55.713065 37.558454
55.6187602 37.7502219
55.8036296 37.821482
55.818124 37.573205
55.7444944 37.4964352
55.7772635 37.6042357
55.6681701 37.424445
55.779287 37.633347
55.98291 37.23437
55.7055155 37.6157041
55.7540471 37.620405
55.6589038 37.514304
55.7628131 37.6790047
55.8551441 37.4447959
55.791688 37.805239
55.722602 37.7047317
55.7997555 37.3890751
55.7772025 37.6761664
55.644623 37.618965
55.861464 37.580409
55.7518156 37.7241721
55.8417519 37.3789621
55.7757032 37.7329729
55.6009544 37.6091891
55.8241319 37.5180621
55.68973 37.527157
55.7947923 37.7111486
55.7519074 37.5992175
55.7101498 37.5181012
55.7680981 37.667946
55.7371809 37.6728332
55.634144 37.441014
55.6078161 37.6011612
55.625308 37.309441
55.7941972 37.5423003
55.675514 37.597297
55.7653168 37.5904993
55.7414276 37.6528885
55.716027 37.4565634
55.8662418 37.4679584
55.8243781 37.6322322
55.7050997 37.6051371
55.7213447 37.4547818
55.6484944 37.5711691
55.6997455 37.8159181
55.729382 37.739276
55.8104709 37.7953082
55.790403 37.753523
55.7468635 37.5568757
55.7347659 37.8272397
55.883944 37.441934
55.6512752 37.604449
55.7540471 37.620405
55.6504458 37.3434496
55.817112 37.508283
55.749902 37.516719
55.6745669 37.758716
55.703479 37.94517
55.8699244 37.5884035
55.8306464 37.4162522
55.7540827 37.6098459
55.9824918 37.1840681
55.6932648 37.5037454
55.7540471 37.620405
55.708927 37.593093
55.7642403 37.6082766
55.8307057 37.3560439
55.661603 37.41767
55.9473659 37.4193573
55.8082016 37.8129936
55.7517096 37.5827189
55.7842208 37.721617
55.7631859 37.6096862
55.993676 37.221002
55.8199567 37.5802307
55.7311491 37.6876891
55.821945 37.44601
55.7377269 37.7155205
55.4937162 37.5790359
55.604692 37.661105
55.5384829 37.5327213
55.8101341 37.8093261
55.554348 37.512757
55.590913 37.452938
55.7161435 37.8218938
55.744409 37.7996931
55.722332 37.6927648
55.8517641 37.5800679
55.7357158 37.6782467
55.579638 37.64878
55.7485736 37.4977642
55.7417611 37.4166788
55.663863 37.8074265
55.7622387 37.6171095
55.7026466 37.9255321
55.7540471 37.620405
55.747601 37.678775
55.8559229 37.4406703
55.661816 37.419916
55.7496948 37.5929046
55.724104 37.504564
55.742737 37.502875
55.6632892 37.6560883
55.822757 37.4487539
55.4813288 36.9235463
55.4547202 37.298696
55.7367382 37.6500623
55.7462171 37.5463428
55.6939952 37.7887106
55.7208978 37.5983307
55.8037523 37.8356575
55.7646732 37.6572082
55.7829526 37.6337936
55.7452042 37.559905
55.6101465 37.6161433
55.7704887 37.6164007
55.7921253 37.4818118
55.8181925 37.644302
55.6408706 37.5027767
55.7688024 37.6687308
55.7461308 37.6837182
55.7899425 37.7847174
55.7845371 37.6720721
55.7914854 37.7056976
55.781246 37.731631
55.6525982 37.7676182
55.7599399 37.7798082
55.7848545 37.6236648
55.863086 37.465838
55.5047412 37.5925042
55.739899 37.47925
55.7333724 37.5205398
55.7492023 37.800214
55.880913 37.449703
55.716407 37.678442
55.649063 37.744936
55.6073633 37.7248796
55.855078 37.478082
55.7330569 37.6650373
55.8501691 37.3553224
55.8646422 37.5092337
55.8003028 37.5768301
55.8204047 37.760828
55.7794918 37.600497
55.8283351 37.4083345
55.7082023 37.8191884
55.7488531 37.701707
55.6964345 37.5490139
55.6430878 37.3383513
55.7138301 37.7195908
55.8169884 37.8291212
55.7853574 37.5622027
55.86159 37.513188
55.659088 37.5226923
55.6782746 37.601253
55.7336664 37.6410561
55.7269695 37.5795834
55.6727342 37.51481
55.7650771 37.5902634
55.7540471 37.620405
55.7292772 37.6606576
55.7848473 37.4557944
55.7645487 37.4145978
55.988691 37.147565
55.5369079 37.5293648
55.9038526 37.5859262
55.806535 37.503989
55.6162246 37.673212
55.7504472 37.7708341
55.6982834 37.4978424
55.8641847 37.6513338
55.761193 37.579457
55.780731 37.6111367
55.72377 37.38189
55.7616643 37.6407152
55.9940228 37.2036961
55.877354 37.608436
55.686239 37.579771
55.806063 37.5814103
55.7724353 37.6831727
55.8136841 37.7345502
55.7226768 37.4058265
55.7398459 37.664528
55.677479 37.4461045
55.6744586 37.5154873
55.7596222 37.6485445
55.6510686 37.5962351
55.8987239 37.5916113
55.801025 37.64516
55.7423935 37.4790411
55.677209 37.528163
55.5782123 37.631559
55.7425122 37.6821797
55.6703079 37.5812209
55.7710098 37.6320767
55.6671781 37.4951448
55.741434 37.5790563
55.7530229 37.7978905
55.8593744 37.5686318
55.8854387 37.4040689
55.7167031 37.3877039
55.7638516 37.5947198
55.6019563 37.3457138
55.7311768 37.6661003
55.7827028 37.7208326
55.7397381 37.7831439
55.7074118 37.7000057
55.633221 37.624247
55.8889909 37.6445437
55.972323 37.165612
55.7403006 37.6508065
55.7533518 37.7959638
55.763556 37.6552959
55.7675084 37.6701702
55.7466784 37.6547015
55.7500782 37.4971634
55.8026578 37.7943913
55.7306449 37.6686856
55.7577199 37.6230761
55.658325 37.5681142
55.8126387 37.6175879
55.7726627 37.6517803
55.6528862 37.4741146
55.7711205 37.6153086
55.7538455 37.7485605
55.712284 37.891433
55.7868672 37.6596124
55.8847614 37.6055223
55.5931041 37.6717391
55.8857674 37.6108433
55.7603092 37.5610546
55.797787 37.489077
55.7667876 37.7057072
55.737562 37.6487229
55.7540471 37.620405
55.7806481 37.6192702
55.8837566 37.5371513
55.7592539 37.609085
55.7510497 37.7118724
55.7470771 37.6312547
55.7510053 37.5910826
55.97397 37.162692
55.6424886 37.6678066
55.551431 37.546192
55.6050615 37.7588766
55.8551339 37.3554283
55.7410101 37.5764114
55.7477866 37.6802088
55.71926 37.6086493
55.746547 37.628038
55.7006579 37.9424007
55.7885451 37.4667854
55.812527 37.7391202
55.7755 37.659766
55.818245 37.525765
55.7378795 37.5732399
55.7656415 37.5802893
55.7369813 37.5924369
55.7016661 37.5122887
55.8473121 37.489652
55.8236378 37.5854621
55.5363681 37.1548255
55.7127084 37.6283549
55.6518123 37.4105156
55.9742924 37.1725063
55.612706 37.697693
55.6184903 37.3462234
55.780441 37.5920971
55.8530064 37.4456689
55.7040579 37.923725
55.664126 37.544944
55.6573869 37.396177
55.7092724 37.6271532
55.6058241 37.66192
55.7990254 37.5297946
55.767222 37.6510432
55.7770837 37.5563134
55.6488055 37.754089
55.7788458 37.6667774
55.778694 37.709479
55.6408572 37.5287032
55.6469111 37.4635559
55.7693958 37.6667192
55.6029709 37.3560074
55.6543596 37.5393326
55.7667062 37.6029383
55.7978971 37.6023488
55.6994135 37.5036623
55.8563739 37.6532785
55.502555 37.3298974
55.8006919 37.4814982
55.7497942 37.5914565
55.8397077 37.6530528
55.66864 37.494719
55.812686 37.633365
55.7578957 37.5973546
55.7396226 37.6635444
55.8053628 37.4007268
55.8925344 37.598898
55.636306 37.521129
55.8890603 37.6220966
55.785792 37.595653
56.001942 37.201634
55.845643 37.475674
55.8099715 37.7640491
55.728292 37.609461
55.7642032 37.6180658
55.666929 37.549633
55.5063913 37.3143952
55.8069552 37.5025646
55.5441492 37.5406063
55.7516939 37.5894823
55.6781847 37.6649757
55.7989155 37.7681922
55.7384426 37.6646176
56.0039766 37.2291792
55.8044324 37.6075775
55.6162206 37.7507135
55.8844615 37.5292686
55.649242 37.5348673
55.6404584 37.610176
55.8089593 37.5567072
55.6030527 37.5291762
55.8375566 37.3415557
55.6820433 37.7730437
55.7616124 37.6627103
55.8381832 37.6372432
55.7948914 37.6369852
55.8720045 37.5292688
55.736424 37.5220575
55.7733804 37.5826475
55.811771 37.639339
55.729321 37.744711
55.8663215 37.654527
55.7655749 37.7253808
55.8611105 37.5855436
55.777753 37.580409
55.846707 37.5640531
55.672925 37.625181
55.5550297 37.46452
55.7938104 37.4903776
55.7540471 37.620405
55.6097905 37.4932907
55.7540471 37.620405
55.5866131 37.6668381
55.7717516 37.5939848
55.7205798 37.7381587
55.7906722 37.5987859
55.8647837 37.5977528
55.7601048 37.624912
55.8047793 37.6438476
55.6029041 37.5904027
55.672321 37.559523
55.7452845 37.5804289
55.906162 37.5764952
55.8174946 37.5931454
55.7757904 37.677727
55.7821117 37.7500957
55.7765574 37.6301038
55.623595 37.309172
55.6024915 37.3491032
55.7350644 37.6124615
55.7907829 37.5245064
55.7810398 37.5989897
55.6743254 37.4777398
55.7425576 37.5453828
55.7149754 37.4747167
55.6803647 37.6379363
55.4813696 37.3925243
55.8456311 37.4992295
55.6815613 37.5218897
55.816197 37.784291
55.8898602 37.5377293
55.6888639 37.5688732
55.70282 37.914969
55.8642119 37.6199541
55.8267176 37.6389858
55.7579508 37.6245771
55.639578 37.525208
55.612406 37.697648
55.7252557 37.4619008
55.6446779 37.65439
55.8051653 37.5168689
55.6544457 37.4230285
55.7513063 37.5340425
55.7171376 37.414002
55.6364103 37.3556128
55.6729448 37.6326871
55.624978 37.415494
55.7540471 37.620405
55.7540471 37.620405
55.649685 37.59467
55.7835574 37.7266643
55.5337818 37.5352423
55.6349794 37.770034
55.76599 37.68456
55.617016 37.6141176
55.7467053 37.589374
55.722332 37.6927648
55.80104 37.533391
55.655524 37.493039
55.894662 37.542419
55.637479 37.32438
55.7402085 37.6088304
55.8622961 37.5638831
55.7864831 37.678804
55.8950365 37.6821548
55.7172227 37.6777521
55.812089 37.576816
55.814492 37.573294
55.822566 37.8234191
55.7980619 37.5112251
55.693648 37.6059057
55.772356 37.6781861
55.4988952 37.567817
55.645075 37.52916
55.6624435 37.5169363
55.784342 37.6617862
55.5410764 37.5069842
55.7195096 37.6093464
55.4308017 37.2804078
55.5680873 37.5697196
55.7377276 37.628655
55.708628 37.586634
55.7667924 37.6136562
55.5479766 37.5455381
55.8416607 37.4206709
55.638592 37.521533
55.8791624 37.5794022
55.7103316 37.7331243
55.8117272 37.7977054
55.8141266 37.6576933
55.7724144 37.5994835
55.8859189 37.6785227
55.7177875 37.6334668
55.2197336 36.9919833
55.5939458 37.3518308
55.7053967 37.6696079
55.733701 37.861868
55.7745258 37.6786587
55.730441 37.736743
55.7449871 37.6523489
55.817405 37.573034
55.631866 37.7681661
55.7762477 37.8292308
55.954202 37.4078312
55.7356321 37.6685091
55.5995396 37.508038
55.7961775 37.483965
55.8089093 37.4622402
55.9772144 37.1739395
55.775864 37.660413
55.8228914 37.7571705
55.7799511 37.601491
55.582487 37.708158
55.640086 37.606514
55.8831355 37.6696341
55.7021955 37.7854106
55.8543018 37.4719045
55.7056638 37.6895352
55.65785 37.747729
55.7565351 37.609889
55.7768258 37.601026
55.7662965 37.5918774
55.6563064 37.4725382
55.8443356 37.4483684
55.7630117 37.7105145
55.7688759 37.6073609
55.7236061 37.5677588
55.8430984 37.3740373
55.8740792 37.6726521
55.6638901 37.6446037
55.8552175 37.5009567
55.7467686 37.6548423
55.6814408 37.8498523
55.8523264 37.4465205
55.659124 37.540641
55.70455 37.56998
55.7537209 37.5770354
55.7412029 37.6586972
55.8415561 37.3800208
55.624978 37.415494
55.8296202 37.516799
55.618745 37.715138
55.7627991 37.677914
55.707152 37.658877
55.7017267 37.6039672
55.7773911 37.6919797
55.7314125 37.5602209
55.8628437 37.6981924
55.7608874 37.5437824
55.7633388 37.6014097
55.6821509 37.7549785
55.7439393 37.6274691
55.6987095 37.5801344
55.7159411 37.6465683
55.7811807 37.4695822
55.7520313 37.6651782
55.7504675 37.7803951
55.8897769 37.6072993
55.660622 37.618686
55.6683598 37.5637111
55.795282 37.547001
55.7376323 37.7168576
55.6110182 37.4888571
55.7011036 37.6579356
55.7602356 37.8339705
55.623874 37.614222
55.5893582 37.6071644
55.3729261 37.2066269
55.7647322 37.6265885
55.662928 37.73156
55.6118759 37.5375867
55.6711465 37.5802356
55.8033466 37.7243254
55.7626118 37.6055739
55.8740964 37.6347632
55.7243808 37.6507586
55.7373812 37.4265976
55.7374033 37.6239303
55.6743181 37.4753441
55.7441859 37.5820457
55.662882 37.48561
55.813157 37.604071
55.7717259 37.637517
55.7195575 37.6707738
55.7639389 37.5963095
55.583558 37.7113106
55.5972565 37.5271253
55.8382051 37.4113367
55.800438 37.786788
55.8835836 37.4075078
55.8950565 37.5301271
55.7826628 37.7081808
55.856361 37.600406
55.8222376 37.6231902
55.7761303 37.6770958
55.6644199 37.5332501
55.6684311 37.7415342
55.6488866 37.5622106
55.7394747 37.5973913
55.7657953 37.6095371
55.7540471 37.620405
55.7058293 37.8278051
55.778515 37.6724598
55.7388388 37.6815985
55.773683 37.481223
55.9727314 37.1825558
55.6028708 37.7137287
55.8079363 37.5734149
55.6853871 37.5387868
55.711519 37.489167
55.7374186 37.7531617
55.7298965 37.6828554
55.734202 37.618866
56.0052019 37.1938877
55.813101 37.637165
55.673976 37.525872
55.5705597 37.4943816
55.7515343 37.5859482
55.7700818 37.6342369
55.7775538 37.649522
55.7959484 37.5622206
55.7632322 37.6256283
55.561274 37.4753419
55.851924 37.491979
55.647468 37.527822
55.5740463 37.5653022
55.821573 37.498725
55.799588 37.483023
55.8508104 37.4215458
55.7441568 37.8658385
55.736004 37.635586
55.7523196 37.4101084
55.778482 37.691809
55.696225 37.544539
55.7355205 37.6425496
55.7545446 37.6499043
55.7868672 37.6596124
55.7185157 37.456757
55.6086309 37.6015565
55.7964236 37.6099473
55.7570039 37.6522722
55.7695077 37.7110881
55.8943068 37.5324044
55.7244863 37.4459466
55.7737699 37.6781404
55.73425 37.663445
55.7655125 37.5922087
55.766623 37.6005368
55.6975703 37.5338978
55.6577109 37.5631778
55.9765665 37.159269
55.7841365 37.6610439
55.7791216 37.6670271
55.632638 37.5094035
55.7833561 37.6350365
55.7786504 37.4405066
55.607972 37.606074
55.6884689 37.7430327
55.6714552 37.4706676
55.8046669 37.7564646
55.7465172 37.6050685
55.60667 37.536284
55.810739 37.476779
55.7945945 37.4943728
55.7542445 37.5563339
55.688634 37.47492
55.6553668 37.5969482
55.6474726 37.6047241
55.7248532 37.5769164
55.7656382 37.5912745
55.6128539 37.7198826
55.7690001 37.6344974
55.6392836 37.3388966
55.793009 37.800694
55.8577347 37.4191414
55.588567 37.611854
55.7940564 37.5741023
55.7379516 37.5436557
55.7332301 37.4164082
55.8100116 37.4048063
55.863309 37.6463192
55.783099 37.579142
55.87096 37.591153
55.7386798 37.6592561
55.7786301 37.6128464
55.737793 37.8570553
55.7864856 37.7085633
55.47574 37.538359
55.712578 37.816486
55.7540754 37.5997437
55.5934247 37.6612371
55.88535 37.6586785
55.7869516 37.6322957
55.6481392 37.4072169
55.7615885 37.5749126
55.7880475 37.6126143
55.7827097 37.6011468
55.8232016 37.6319142
55.6935447 37.4960709
55.7393731 37.4024736
55.608682 37.7548325
55.656047 37.541449
55.8103697 37.5904601
55.7857742 37.5214121
55.694875 37.622297
55.690085 37.571579
55.7975291 37.5478066
55.7629417 37.5673848
55.7872546 37.4787174
55.789077 37.634236
55.793322 37.3888995
55.766233 37.581101
55.7342697 37.6274126
55.7318413 37.59312
55.7223171 37.7023765
55.5503654 37.5541475
55.685094 37.6000211
55.7812167 37.4535859
55.6037422 37.7130618
55.854249 37.564554
55.617342 37.715812
55.7399315 37.8610961
55.7424367 37.6341762
55.567331 37.588242
55.8345932 37.6510093
55.8236756 37.6351576
55.99938 37.217795
55.7974867 37.7205099
55.8795776 37.5715162
55.7974897 37.7518755
55.7131706 37.6619293
55.749164 37.5865365
55.8869034 37.6612835
55.7613171 37.7167219
55.83459 37.446667
55.7080318 37.4434894
55.7494546 37.3899421
55.7121785 37.6205924
55.7258133 37.6644097
55.5203473 37.3518641
55.7552541 37.6376386
55.7766533 37.6907804
55.8816737 37.601711
55.676103 37.625037
55.7657636 37.71465
55.879748 37.510134
55.7021448 37.684939
55.861787 37.54082
55.7097593 37.8029147
55.7582498 37.7878887
55.6937937 37.5714246
55.70529 37.574471
55.645476 37.707215
55.745326 37.404276
55.612706 37.697693
55.9050689 37.3848151
55.7540471 37.620405
55.8026485 37.6418664
55.996978 37.215882
56.000457 37.205749
55.6354163 37.6556987
55.7256476 37.7481334
55.64664 37.47969
55.764121 37.513071
55.6254444 37.3040031
55.7720914 37.6206278
55.8344898 37.4504021
55.994879 37.188187
55.741024 37.652427
55.82147 37.587993
55.7345371 37.6272066
55.577399 37.5709269
55.8912455 37.6394444
55.803658 37.800669
55.7471225 37.5389854
55.825108 37.571228
55.8766501 37.5188438
55.770647 37.6249398
55.705037 37.639815
55.8430681 37.4911698
55.7546552 37.6347683
55.4640192 36.9392219
55.570624 37.4872
55.846199 37.3582754
55.6545313 37.416546
55.5195069 37.3721924
55.7605316 37.6310112
55.7443439 37.5638182
55.7201913 37.6261486
55.7936922 37.6189438
55.682534 37.536005
55.7651236 37.6026987
55.7828181 37.7058586
55.5934835 37.3676223
55.6516777 37.5276659
