55.7251837 37.6490745
55.7693505 37.6049336
55.5870029 37.6013958
55.6602902 37.5377131
55.7425975 37.6117717
55.7292069 37.6345859
55.663629 37.73244
55.730948 37.64401
55.761796 37.6831665
55.7699878 37.7147949
55.7059082 37.7839279
55.730867 37.638773
55.8654282 37.4286787
55.7060903 37.6144001
55.7398268 37.596159
55.633739 37.324183
55.8057498 37.7579789
55.7589166 37.6442264
55.7721212 37.6783262
55.6194439 37.5092758
55.586222 37.596713
55.7722 37.6515678
55.6479116 37.3435938
55.751286 37.8162938
55.4927919 37.5669103
55.5797112 37.6710148
55.7529834 37.5876332
55.7232006 37.6271845
55.720372 37.822074
55.6617689 37.5159864
55.7575068 37.6371039
55.9105782 37.7363579
55.7295676 37.5900657
55.7711261 37.7378198
55.5330098 37.4978678
55.7540471 37.620405
55.7635666 37.6166351
55.8106202 37.8305121
55.7543416 37.7525485
55.7095324 37.5906422
55.7393349 37.4929069
55.855693 37.6298602
55.704819 37.6683838
55.7512173 37.5846803
55.7274498 37.4799621
55.7168633 37.5924012
55.755013 37.697639
55.789411 37.498887
55.699938 37.635314
55.6483227 37.549848
55.8423945 37.493076
55.7572795 37.6329577
55.7210615 37.4380002
55.559237 37.577822
55.7655011 37.6500687
55.7658529 37.6611719
55.7462999 37.5921123
55.7640614 37.6022258
55.7982248 37.5851884
55.792265 37.78712
55.6068189 37.5895048
55.7118626 37.6266537
55.7315615 37.6369033
55.661796 37.729592
55.5304872 37.3885665
55.8459869 37.576124
55.895525 37.390128
55.6103839 37.7402482
55.7473204 37.5835353
55.7584469 37.6410199
55.7211469 37.635767
55.8673633 37.5263488
55.7627273 37.5302626
55.7588929 37.6106286
55.6022433 37.6668997
55.704783 37.927042
55.8675269 37.6378657
55.8280354 37.5952717
55.726315 37.399399
55.7083007 37.5109896
55.7590123 37.6643824
55.7570521 37.61711
55.7787154 37.5894314
55.7379968 37.8467686
55.6743647 37.7692914
55.7822125 37.6005235
55.6690617 37.4535741
55.7260208 37.5814116
55.7166201 37.7457246
55.7469909 37.5880121
55.542813 37.477929
55.6727083 37.4718888
55.7816611 37.5917282
55.5694959 37.4386374
55.7540471 37.620405
55.7540471 37.620405
55.7953686 37.6170979
55.572594 37.473635
55.7042546 37.5956795
55.7500682 37.5931081
55.803 37.59155
55.7452245 37.6530464
55.7725913 37.663437
55.815873 37.505924
55.6594238 37.6076771
55.7601048 37.624912
55.8423111 37.4806514
55.6980583 37.4968046
55.7437941 37.7658299
55.801835 37.532107
55.6318925 37.4831513
55.7171968 37.8105134
55.680717 37.546749
55.8026869 37.5589084
55.4499789 37.5280652
55.8041492 37.7556436
55.819836 37.4952994
55.991893 37.21439
55.6879196 37.5865695
55.7408905 37.6506999
55.7431382 37.673987
55.670021 37.55248
55.7864513 37.7042274
55.7483239 37.5439649
55.798986 37.806461
55.671605 37.504088
55.644689 37.400099
55.7576833 37.6407239
55.7492839 37.5395966
55.8427546 37.3714806
55.7428163 37.8669543
55.6518837 37.689549
55.7843567 37.5971945
55.6735326 37.7509081
55.6134053 37.606291
55.7301798 37.6262791
55.4319492 37.2732057
55.816654 37.8030095
55.7681318 37.6774016
55.815696 37.600172
55.777685 37.4579573
55.7414685 37.53588
55.7667128 37.5974709
55.7341024 37.5720025
55.7436072 37.6997092
55.5462406 37.5577082
55.7211523 37.4017678
55.680266 37.5707297
55.7902749 37.8153749
55.8442631 37.3836731
55.8484588 37.3799421
55.7573393 37.659236
55.6530847 37.5539482
55.6552676 37.5733917
55.6190641 37.4651019
55.732802 37.6664934
55.7468243 37.5858801
55.751955 37.5849312
55.6915526 37.5381912
55.81081 37.6555365
55.7698404 37.61929
55.614378 37.614096
55.845855 37.662093
55.7091028 37.5953997
55.7342515 37.6424748
55.8311361 37.6253508
55.7758138 37.5868302
55.653644 37.620698
55.7070587 37.4625694
55.739265 37.824165
55.6905111 37.7903015
55.7025946 37.7822802
55.6595776 37.7495671
55.6650757 37.4814557
55.7473322 37.6561746
55.64889 37.746535
55.7783998 37.6939603
55.631097 37.521516
55.7385718 37.8303041
55.7536204 37.6630325
55.6663869 37.4724781
55.70291 37.5101317
55.7255936 37.648474
55.7733723 37.5987798
55.6992117 37.7749512
55.7397655 37.5957091
55.7570612 37.6758172
55.8266935 37.444808
55.6983107 37.744621
55.7610518 37.6233342
55.741075 37.432232
55.6819534 37.4946199
55.7552981 37.5601542
55.8007746 37.55492
55.5687069 37.5790632
55.7393304 37.4901555
55.710908 37.8182169
55.7331925 37.6466357
55.7456358 37.394622
55.6850901 37.5374026
55.8779993 37.4863315
55.6733919 37.6291785
55.6851664 37.8602394
55.8866481 37.6595181
55.845572 37.569351
55.7598994 37.6664949
55.687655 37.527678
55.7938513 37.5158294
55.7339239 37.6664936
55.86703 37.473354
55.8507941 37.3576718
55.792169 37.79366
55.7774355 37.5537562
55.8358138 37.4159961
55.7277863 37.5854651
55.6080119 37.7344646
55.7647756 37.6339944
55.7565089 37.5546249
55.7486296 37.6577218
55.7636665 37.4057978
55.7935786 37.8047693
55.7670708 37.8251627
55.9487045 37.4184803
56.005953 37.203224
55.4726192 37.3000874
55.7581717 37.5470574
55.8019743 37.5148347
55.7693222 37.5227388
55.7358077 37.6638898
55.565862 37.582366
55.6074329 37.7337947
55.8853249 37.6413858
55.7365523 37.5900364
55.6416797 37.5937521
55.7566089 37.6326112
55.7263773 37.784729
55.8363105 37.5037233
55.783256 37.574309
55.8051367 37.6332896
55.7662121 37.6064524
55.8397633 37.5428019
55.9067936 37.6106835
55.8597445 37.4999044
55.8127633 37.6497641
55.7834169 37.703047
55.785964 37.634479
55.6727505 37.5853106
55.7640561 37.5951917
55.8054577 37.5179814
55.7532896 37.5807015
55.6842454 37.6875203
55.7725261 37.6109475
55.7400253 37.5154303
55.6353371 37.6582157
55.5899451 37.3772476
55.7935839 37.7090171
55.6517391 37.7699976
55.6641026 37.5364272
55.8029396 37.5164575
55.7347104 37.8281946
55.7612196 37.6505313
55.7159901 37.701521
55.7506091 37.6101384
55.9865016 37.1518883
55.856507 37.3447608
55.6520575 37.6135344
55.7101639 37.5907086
55.7909984 37.7816992
55.851106 37.467123
55.7942867 37.5880407
55.8164523 37.8187171
55.8742342 37.7191395
55.856578 37.485268
55.654625 37.591476
55.8418131 37.4233771
55.6812793 37.4586134
55.8591642 37.4189659
55.719977 37.77626
55.6825267 37.6669445
55.7100776 37.6546933
55.6533318 37.4696567
55.7863807 37.6298238
55.7628538 37.6166632
55.6700763 37.5502361
55.8052829 37.5272891
55.5140703 37.5700657
55.6730412 37.6646829
55.7385905 37.488595
55.7844661 37.4605962
55.535159 37.5277131
55.8521088 37.4382616
55.6151359 37.6046409
55.6354445 37.7397498
55.782118 37.6312551
55.6487241 37.3692563
55.8324818 37.527528
55.715586 37.726565
55.5938099 37.6560145
55.809965 37.453145
55.7534619 37.5850821
55.7816172 37.6643747
55.7756012 37.586084
55.7928936 37.7895814
55.7832436 37.5280279
55.782782 37.705116
55.6422402 37.5963215
55.8731002 37.494543
55.6812316 37.7761041
55.8814813 37.4948342
55.848296 37.4217462
55.6777943 37.6588388
55.7478676 37.4243355
55.8997495 37.5521268
55.7904103 37.4058951
55.8841662 37.6468938
55.8711481 37.649739
55.7235611 37.6103281
55.6518322 37.400039
55.6599336 37.6139253
55.8976002 37.5960594
55.7157572 37.737216
55.7179935 37.5723624
55.631768 37.618022
55.7376243 37.3991302
55.6982191 37.5515833
55.7973043 37.6364115
55.658605 37.7442007
55.7615281 37.6536212
55.9842551 37.1496314
55.8231976 37.779575
55.725214 37.77679
55.7359378 37.7369205
55.8155412 37.5920912
55.7035043 37.5235246
55.7696066 37.5849431
55.6365711 37.5098097
55.7638769 37.6072881
55.7842008 37.7150254
55.8040517 37.5608964
55.591259 37.598339
55.7692137 37.6345938
55.8143433 37.5711827
55.7778131 37.5161936
55.7815724 37.5106901
55.5999243 37.5272489
55.8848578 37.6497289
55.7802079 37.5152238
55.7348741 37.6245659
55.683909 37.624272
55.7305695 37.6451343
55.7265082 37.637766
55.8847067 37.5984782
55.6827299 37.6618194
55.7493591 37.5877265
55.65785 37.540174
55.6054893 37.5449788
55.8053532 37.6353512
55.703226 37.55089
55.7530025 37.8026766
55.684808 37.5245475
55.697914 37.560377
55.6811759 37.8522794
55.7040807 37.7656896
55.5405209 37.5191504
55.8210959 37.7969717
55.7911185 37.7319786
55.792058 37.80523
55.7971677 37.5808199
55.7060576 37.4043504
55.7367445 37.6158787
55.8010606 37.6464657
55.7526882 37.8183714
55.687051 37.603927
55.8543115 37.4321323
55.7603192 37.6186263
55.9101298 37.3760005
55.6628575 37.5553822
55.626141 37.615093
55.756346 37.592402
55.7620035 37.6524149
55.8930824 37.5011244
55.8032722 37.402114
55.6409813 37.3383913
55.7474025 37.7071521
55.7517475 37.4115142
55.5469169 37.5525603
55.6363363 37.5113584
55.683909 37.621552
55.8455351 37.4388332
55.8343869 37.6610837
55.8509303 37.6792663
55.7432392 37.6286258
55.7143536 37.8874961
55.7676924 37.635243
55.743066 37.6296098
55.7399971 37.4981969
55.8000987 37.5356762
55.8020283 37.8040048
55.7390391 37.5867524
55.5460474 37.5588916
55.8161311 37.5039513
55.7575784 37.635259
55.8355136 37.5444396
55.7434218 37.6526805
55.5987455 37.5871886
55.6653455 37.5133687
55.637891 37.67767
55.7712787 37.6021529
55.7530321 37.6415552
55.7128861 37.4185165
55.7389364 37.5747354
55.7807645 37.6125082
55.7740113 37.5880115
55.8293828 37.6473125
55.5815397 37.6846955
55.6502485 37.7486778
55.5468374 37.5325115
55.7326621 37.627555
55.7464055 37.6750895
55.7022258 37.7624985
55.784585 37.6127529
55.6448075 37.3657636
55.8185546 37.632931
55.703033 37.573312
55.7669631 37.5642123
55.641182 37.4078935
55.6603663 37.6278057
55.71088 37.694585
55.7623332 37.6276479
55.7121348 37.6181002
55.71249 37.853657
55.7786742 37.6652778
55.7365695 37.5875287
55.798738 37.793409
55.7857787 37.7019652
55.6103621 37.469525
55.7828952 37.5652045
55.8631263 37.6070041
55.8742366 37.5138534
55.6800451 37.5135241
55.789703 37.6947881
55.7179382 37.4612957
55.6546194 37.520981
55.7167013 37.4479671
55.7344748 37.5957756
55.7247622 37.4269169
55.857261 37.608467
55.6128899 37.7021754
55.710666 37.391987
55.7361879 37.6543375
55.7417345 37.6559096
55.7738962 37.5983032
55.7457325 37.8742238
55.796634 37.5757112
55.581902 37.584838
55.8891998 37.5608743
55.6887164 37.5819928
55.8467267 37.4456849
55.8565715 37.6641407
55.7639158 37.6354682
55.76288 37.772487
55.7541349 37.6023284
55.7941668 37.5928162
55.7807016 37.6914169
55.8761325 37.5182599
55.6799059 37.7231695
55.8094971 37.4645058
55.6915196 37.5527702
55.7673622 37.6273773
55.8792543 37.5952011
55.8893246 37.57882
55.7877469 37.5195365
55.7720723 37.5919033
55.7234507 37.6286123
55.8398237 37.4886175
55.8157641 37.7318752
55.8705585 37.6379732
55.8128753 37.7063979
55.7678934 37.6322496
55.6297754 37.486035
55.633013 37.52156
55.98323 37.2474132
55.8654385 37.558141
55.7398497 37.6094122
55.6808922 37.5483341
55.881237 37.56004
55.90474 37.590623
55.703059 37.5060176
55.6768344 37.7448679
55.788434 37.747963
55.6740971 37.6576457
55.618182 37.5103697
55.729722 37.6317346
55.7826352 37.5320081
55.7206503 37.6218988
55.7186994 37.6231354
55.7589185 37.7520478
55.7394387 37.8194165
55.7112377 37.8803946
55.611795 37.614015
55.5321547 37.5194907
55.7312873 37.4713155
55.807597 37.637811
55.7064063 37.4710637
55.7433792 37.6295545
55.7261209 37.4072325
55.6214107 37.7395008
55.62189 37.7833723
55.7814199 37.6024304
55.661689 37.481469
55.792488 37.7837516
55.7280084 37.6313545
55.8445213 37.578082
55.7534835 37.5821434
55.5951287 37.5415786
55.693226 37.620761
55.7795855 37.6323636
55.794087 37.789483
55.6993069 37.8061236
55.7799729 37.5520892
55.8136694 37.7850335
55.6078794 37.6468536
55.4316052 36.871607
55.7622177 37.6470622
55.85578 37.47739
55.8704897 37.6560941
55.6956289 37.5031373
55.7344407 37.8530339
55.8585999 37.6860237
55.7702354 37.3730827
55.7621056 37.6203296
55.6720031 37.6315387
55.8038624 37.7604948
55.6967149 37.5900705
55.4969774 37.5698324
55.854486 37.565129
55.7285745 37.4311689
55.667681 37.51043
55.7603676 37.4574513
55.7532365 37.7154671
55.837236 37.6265243
55.7250066 37.6351322
55.7007407 37.571087
55.8172872 37.6930423
55.6436314 37.6531083
55.7228954 37.3971576
55.7840838 37.6331388
55.5504864 37.5313325
55.625156 37.7611029
55.7446531 37.5659953
55.7958054 37.5920858
55.7492839 37.5395966
55.636524 37.348392
55.6648201 37.6318918
55.8718635 37.6939206
55.6533125 37.4098631
55.6902154 37.6018327
55.7732235 37.6778857
55.8478164 37.5644267
55.8036676 37.7532171
55.5911881 37.6646413
55.663842 37.511445
55.7775179 37.617533
55.6531276 37.4810505
55.7902239 37.3539468
55.6751948 37.521558
55.5953361 37.7391844
55.7769694 37.5492162
55.6916402 37.5356109
55.668813 37.476752
55.7948622 37.6980257
55.7661943 37.3808607
55.6852467 37.851832
55.638114 37.617159
55.7422596 37.575091
55.717756 37.740552
55.7595115 37.6523798
55.7864589 37.603126
55.5947428 37.7377892
55.987604 37.2224892
55.644126 37.4904842
55.7720139 37.6223538
55.7995461 37.4077552
55.6726037 37.5684295
55.7727853 37.6786673
55.684473 37.624121
55.8553 37.562973
55.64604 37.677077
55.7087249 37.6221695
55.7612825 37.5701057
55.5422447 37.5572722
55.7641013 37.6086045
55.7412437 37.4177897
55.6693983 37.7572765
55.8503473 37.4440897
55.7459964 37.6765983
55.763291 37.6140615
55.618138 37.6974092
55.7859708 37.5749177
55.679146 37.4926146
55.7650586 37.6390755
55.66469 37.578262
55.7756946 37.6496444
55.6581885 37.5676241
55.7511376 37.6105363
55.648214 37.540847
55.7408671 37.6221519
55.8142522 37.6750138
55.864045 37.4701488
55.634144 37.441014
55.5973442 37.2040522
55.8168206 37.617028
55.9820484 37.2510155
55.734988 37.707242
55.6628079 37.7521146
55.7769789 37.6075026
55.8398898 37.4202264
55.7312725 37.6576003
55.7540471 37.620405
55.73056 37.644737
55.7338496 37.5813581
55.8700807 37.4698336
55.7050526 37.7746591
55.752753 37.6680381
55.7280509 37.5805142
55.6851308 37.4908093
55.7964112 37.5163113
55.694733 37.380175
55.6498009 37.7701021
55.5455177 37.5588848
55.8736347 37.6793412
55.7247491 37.6197893
55.7279227 37.6454483
55.655427 37.618794
55.7069885 37.6545453
55.6919677 37.5279829
55.7693699 37.5989872
55.7836819 37.4798414
55.8598654 37.6590969
55.5956681 37.6712147
55.7624719 37.5941947
55.8309632 37.4491838
55.78893 37.480355
55.6377509 37.3767196
55.5992399 37.1688896
55.7395184 37.5875443
55.842584 37.486954
55.7634769 37.6352329
55.8267645 37.6001058
55.86821 37.5368934
55.670696 37.463245
55.6889999 37.5797828
55.5705613 37.3540743
55.7673042 37.7289634
55.6149432 37.7212693
55.7797415 37.5969288
55.6710372 37.6606658
55.7469575 37.8051041
55.7174575 37.6012268
55.6846703 37.6099081
55.7324659 37.533703
55.659429 37.644306
55.7308097 37.6415705
55.7417611 37.4166788
55.8631209 37.6095179
55.7373725 37.6367171
55.6630285 37.7142211
55.64452 37.8212769
55.70854 37.5448373
55.7592786 37.6047246
55.7237631 37.6101011
55.7466006 37.56106
55.983651 37.1737864
55.7519785 37.6178038
55.7569845 37.5922691
55.7590101 37.6307761
55.5701606 37.5644735
55.6717662 37.6072591
55.7621486 37.7325756
55.7601726 37.5794352
55.6553892 37.5575616
55.809272 37.636402
55.705231 37.7630423
55.613677 37.580984
55.7511457 37.7894108
55.863833 37.545581
55.63037 37.516844
55.7277947 37.6242896
55.7903918 37.753073
55.7823978 37.6777387
55.714079 37.7493032
55.7557987 37.6567633
55.7975024 37.5018966
55.606581 37.6583032
55.6584997 37.8392393
55.7626118 37.6055739
55.497266 37.56936
55.6726676 37.7329989
55.7879003 37.7296369
55.6415941 37.5041342
55.7508327 37.5955506
55.792184 37.496794
55.5786241 37.6550612
55.7196981 37.6664747
55.688989 37.529358
55.773196 37.638611
55.7001845 37.6550042
55.766824 37.5403915
55.7797995 37.5352838
55.7942136 37.7163736
55.612929 37.605454
55.7651422 37.5615609
55.6700184 37.549065
55.7828753 37.7296477
55.7677489 37.6068357
55.7831775 37.5692122
55.6685105 37.5599105
55.7433527 37.6638267
55.7611802 37.6377811
55.7663807 37.5294537
55.7040578 37.4007356
55.6626414 37.7736778
55.6060693 37.2912153
55.728536 37.6128118
55.7030488 37.6950272
55.5158412 37.3512382
55.8985923 37.6293577
55.7674654 37.6010896
55.6773609 37.765311
55.863066 37.6021967
55.7494352 37.7102938
55.635492 37.617285
55.6644439 37.4692771
55.7397381 37.7831439
55.647325 37.740525
55.8411554 37.4299366
55.753545 37.5982422
55.7582895 37.4056728
55.8489046 37.3541429
55.7356377 37.7131259
55.8486191 37.6529733
55.794462 37.749149
55.741927 37.4976091
55.6747257 37.6602864
55.851449 37.492635
55.7201302 37.7160518
55.795877 37.562652
55.735003 37.569773
55.7903868 37.5303997
55.978035 37.165235
55.753225 37.706973
55.6121172 37.6070486
55.863111 37.473788
55.7555328 37.6755579
55.8086187 37.5934937
55.5121307 37.5737145
55.802786 37.636814
55.800841 37.5841181
55.771384 37.7310749
55.6030527 37.5291762
55.7923412 37.6767681
55.7084348 37.6526526
55.702947 37.570258
55.6360266 37.7523761
55.6883005 37.5696388
55.7232006 37.6271845
55.8887558 37.6676384
55.7557726 37.614704
55.6771705 37.4527386
55.8389346 37.4895947
55.8351268 37.4005287
55.6415993 37.7654007
55.7449983 37.5980496
55.8091304 37.5299884
55.7755364 37.491723
55.7047972 37.8163304
55.6148679 37.5141195
55.8057173 37.5060924
55.8404754 37.4936879
55.6842223 37.8570473
55.6988742 37.7402126
55.7744861 37.6852737
55.7335146 37.5852056
55.8765621 37.422318
55.8846695 37.6037814
55.8408318 37.5357769
55.64005 37.400441
55.5825672 37.4763973
55.7001865 37.5802234
55.747991 37.570707
55.7903238 37.6804584
55.6373594 37.6637917
55.579012 37.605724
55.7604153 37.6120113
55.7312472 37.6037631
55.7334414 37.5779915
55.7066388 37.7637685
55.7204384 37.4679149
55.7540471 37.620405
55.7288864 37.6448627
55.8308907 37.3595929
55.7737918 37.6035298
55.749344 37.597288
55.7958089 37.5817731
55.7540471 37.620405
55.6000427 37.6008793
55.7323527 37.6830359
55.7940759 37.6654477
55.629831 37.424111
56.00883 37.199852
55.8858787 37.6600824
55.8687252 37.6624736
55.7871231 37.7184418
55.664837 37.545015
55.8800313 37.7122472
55.6328459 37.4848242
55.617342 37.715812
55.8453662 37.37443
55.6840573 37.7344247
55.777727 37.673789
55.865606 37.462173
55.681757 37.567788
55.7384351 37.5770835
55.5037321 37.5354654
55.7577464 37.4090429
55.8500118 37.4785932
55.5923023 37.6205755
55.6536818 37.6177314
55.6308661 37.6706611
55.7625525 37.6067404
55.661816 37.419916
55.7592799 37.6104179
55.7648374 37.8332095
55.74674 37.49427
55.702805 37.946643
55.7839202 37.6365193
55.702982 37.948844
55.3724268 37.3450315
55.806798 37.516153
55.8338334 37.6208723
55.8036328 37.3883475
55.7733706 37.6837876
55.8315583 37.5162777
55.7549749 37.5805574
55.6220675 37.4343942
55.580846 37.6575215
55.7454391 37.6278233
55.6491414 37.3263107
55.6987617 37.6362592
55.785316 37.493811
55.7088513 37.6394323
55.744961 37.508391
55.7687094 37.6790519
55.704823 37.497495
55.8028433 37.5847269
55.8063853 37.5966674
55.7392203 37.5083124
55.6827334 37.6977522
55.708242 37.73067
55.77074 37.581334
55.7596593 37.6641343
55.8094971 37.4645058
55.821876 37.797137
55.7828502 37.715919
55.7428949 37.8551664
55.7505322 37.5394209
55.7777181 37.8273409
55.643658 37.526232
55.6080469 37.593304
55.5630734 37.5842613
55.6377166 37.7574822
55.7159984 37.5700105
55.6024591 37.3636037
55.812944 37.6387562
55.6645506 37.5993317
55.647783 37.481154
55.6330462 37.7694808
55.8572285 37.3502999
55.7304857 37.6635869
55.8592314 37.5856278
55.7029527 37.5114578
55.8620487 37.6895411
55.7603704 37.7943813
55.6255582 37.6122833
55.7871546 37.741724
55.6525864 37.7638019
55.7599775 37.6214006
55.7866598 37.595272
55.7724294 37.7406587
55.7938964 37.5933145
55.815037 37.6908116
55.6640035 37.5291014
55.7425381 37.684184
55.7384232 37.6556731
55.7732415 37.5372659
55.755649 37.6151042
55.7122794 37.6540387
55.6290845 37.6201452
55.761841 37.64531
55.6260951 37.666202
55.7869516 37.6322957
55.7714566 37.5927687
55.816303 37.574363
55.725716 37.532475
55.5775053 37.6757477
55.6914725 37.6033359
55.5675026 37.5737849
55.8273889 37.6000995
55.690374 37.550657
55.7496858 37.7803488
55.748382 37.417203
55.7515053 37.5353676
55.7444485 37.5452471
55.8014092 37.6725858
55.8850658 37.5879346
55.7737856 37.6818678
55.8092077 37.8323484
55.6652615 37.7392285
55.7631057 37.6349303
55.7422391 37.6343025
55.8101593 37.6327024
55.7725949 37.4711751
55.8510752 37.4346058
55.8790608 37.7202599
55.612589 37.605274
55.8968821 37.6222125
55.6470245 37.4118233
55.645847 37.560682
55.7169092 37.7755439
55.7512337 37.6286243
55.7911181 37.5205099
55.982779 37.179895
55.5867778 37.7249679
55.6078898 37.6566836
55.7385937 37.6511884
55.7784265 37.599651
55.8595681 37.5780823
55.591475 37.6466007
55.7237232 37.6871164
55.6225116 37.7459649
55.60102 37.602526
55.6521217 37.75319
55.7502771 37.7841408
55.7322651 37.6651366
55.7695876 37.630432
55.4846387 37.3067639
55.8109072 37.7179394
55.6241631 37.4926454
55.7694669 37.5005497
55.7205721 37.6666886
55.6104962 37.5137731
55.8273213 37.5953973
55.8862066 37.7016
55.776573 37.573851
55.7300413 37.5625823
55.8152419 37.7272377
55.8481878 37.4898621
55.814892 37.574157
55.84016 37.4915995
55.698396 37.633158
55.7360872 37.5735136
55.7794832 37.6444691
55.7467543 37.6901037
55.8000302 37.4029612
55.819838 37.641198
55.7652331 37.6385829
55.6474967 37.5954944
55.8043885 37.4269768
55.4984365 37.5092055
55.6288492 37.6111517
55.7762179 37.6728239
55.8636366 37.5650186
55.8511361 37.643148
55.4771484 37.5285013
55.779241 37.853829
55.806945 37.516934
55.7648709 37.7390184
55.7048754 37.6765484
55.7792716 37.6987487
55.8172877 37.5692451
55.8169582 37.687715
55.7638879 37.6289561
55.785792 37.595653
55.649027 37.631038
55.7822293 37.4629968
55.8238435 37.4972227
55.7106235 37.6750134
55.781914 37.697109
55.8113805 37.7734371
55.5539 37.553981
55.697711 37.62528
55.6342207 37.7485163
55.8670526 37.5310212
55.6759929 37.6814428
55.67459 37.503468
55.9008405 37.3958316
55.8801753 37.4898997
55.809348 37.450872
55.582496 37.6711505
55.559746 37.575639
