55.7681574 37.5918111
55.7929346 37.4084305
55.806413 37.51688
55.7468973 37.6788752
55.5416059 37.5726632
55.6850606 37.661354
55.676814 37.508777
55.7112557 37.4117544
55.8279313 37.4351266
55.7926434 37.5679487
55.6029704 37.4627826
55.4757958 37.5617999
55.7236368 37.5812897
55.7382273 37.6720194
55.6451314 37.6591965
55.6656819 37.4556047
55.7657953 37.6095371
55.9054316 37.5785203
55.8325324 37.6428817
55.7784807 37.6069056
55.862691 37.54029
55.713983 37.819559
55.7538664 37.5883331
55.7540471 37.620405
55.848382 37.568659
55.5982976 37.1659372
55.802749 37.562558
55.802269 37.5828814
55.7692471 37.8218408
55.6324525 37.7522885
55.8110605 37.8087876
55.725848 37.430615
55.7266756 37.4504118
55.8174167 37.5203806
55.7912321 37.6708603
55.7449768 37.4326507
55.890128 37.636689
55.7410245 37.6839203
55.708137 37.6823135
55.7276845 37.6386068
55.8308907 37.3595929
55.7026678 37.3980791
55.609746 37.516781
55.8165733 37.7170625
55.8824738 37.7203647
55.694687 37.755931
55.8748039 37.5674883
55.6953471 37.5628911
55.703718 37.938181
55.508876 37.343532
55.6644041 37.4659824
55.663705 37.514778
55.8042166 37.8309694
55.8927007 37.4005668
55.797209 37.819789
55.6831721 37.5619117
55.7385248 37.5960056
55.8200127 37.5764139
55.7240641 37.6066746
55.7523958 37.5974305
55.6983138 37.5034199
55.7262579 37.636094
55.7539274 37.6365808
55.7540471 37.620405
55.6640714 37.7801199
55.7750414 37.4805748
55.6043888 37.5907768
55.7505602 37.5782741
55.7508537 37.6830826
55.5705613 37.3540743
55.903625 37.588314
55.7030179 37.6785114
55.8113433 37.7582981
55.6035606 37.7305538
55.6071484 37.4589417
55.824521 37.492554
55.7674523 37.6297502
55.6242973 37.6650565
55.5460935 37.5319011
55.7890778 37.8064184
55.643685 37.5394185
55.6492086 37.7510934
55.759323 37.6386448
55.6320016 37.6416826
55.8089111 37.8312304
55.8272155 37.8123464
55.6130024 37.5360059
55.771427 37.6133048
55.847283 37.4504535
55.844779 37.476276
55.449129 37.522794
55.8328304 37.4244638
55.770364 37.6621647
55.7871771 37.4970968
55.3247955 37.3486627
55.6130946 37.7511977
55.6488191 37.6272781
56.0143281 37.2051054
55.7285477 37.5664137
55.773111 37.6837312
55.7355534 37.5875296
55.7557052 37.6179862
55.799048 37.798742
55.8655964 37.5458931
55.7540471 37.620405
55.5456238 37.4970784
55.7880812 37.6929874
55.9713214 37.1646132
55.4285209 37.2730876
55.882724 37.6045992
55.795651 37.498519
55.7757777 37.7492724
55.8025469 37.8154373
55.8895957 37.6364645
55.7437941 37.7658299
55.7813937 37.5800032
55.7568418 37.6570218
55.778618 37.723897
55.7923787 37.6939064
55.75554 37.563943
55.6818533 37.6922752
55.739372 37.612775
55.809085 37.448482
55.7337562 37.4389441
55.7122794 37.6540387
55.7410744 37.6129894
55.700887 37.939457
55.720771 37.6726006
55.8546528 37.4717159
55.772308 37.498344
55.7473623 37.8289604
55.8713726 37.471597
55.7493193 37.7212435
55.7937773 37.6143463
55.7124958 37.6619864
55.7653304 37.6341294
55.7300239 37.7688085
55.6890848 37.6182013
55.7636133 37.6540454
55.6846599 37.4595373
55.7340822 37.6160349
55.8049555 37.4552866
55.769661 37.6393733
55.7632589 37.5968711
55.7637222 37.5261666
55.7281779 37.6467495
55.7139228 37.791053
55.8133529 37.6236962
55.7100529 37.8017756
55.6773301 37.5609232
55.7140752 37.4359212
55.613916 37.494368
55.637007 37.317679
55.7739332 37.58391
55.7605906 37.5994447
55.7938079 37.6527382
55.811103 37.730006
55.651039 37.620339
55.313496 37.185186
55.7540471 37.620405
55.5731615 37.4777285
55.7814774 37.6305786
55.779196 37.700406
55.7835606 37.7140632
55.6418106 37.6610373
55.8729436 37.5542249
55.8762273 37.5706403
55.7745567 37.8295779
55.8544316 37.6488703
55.7667784 37.6439662
55.75592 37.779233
55.7076601 37.6572393
55.529981 37.57059
55.7863293 37.6742973
55.7104576 37.9377395
55.7423169 37.6281277
55.7577907 37.7155917
55.8180937 37.4940932
55.6605536 37.4677643
55.720672 37.521578
55.7768387 37.6867764
55.6593712 37.7197155
55.8741534 37.5062575
55.5830559 37.6187499
55.7499432 37.7359408
55.6760592 37.5741635
55.8079476 37.7191076
55.7479034 37.6763769
55.8888086 37.6176675
55.7130831 37.3944282
55.7815155 37.5704105
55.8868999 37.6342749
55.7667243 37.5175842
55.8567371 37.5246213
55.9730119 37.1885572
55.6378413 37.5408407
55.7549198 37.8302514
55.8083142 37.7041625
55.7639262 37.6016012
55.71375 37.88669
55.7551649 37.6223941
55.7342141 37.4800124
55.7691276 37.5966293
55.810663 37.638296
55.8890642 37.6033828
55.721189 37.7553751
55.801371 37.5577457
55.7322663 37.4174816
55.7372703 37.4867093
55.854891 37.465515
55.6783633 37.8195997
55.8025112 37.4747262
55.8537645 37.6555537
55.7180122 37.6217979
55.768672 37.599827
55.7613861 37.7016385
55.6805599 37.7468008
55.6736487 37.621038
55.7535394 37.8160946
55.740082 37.6158991
55.7579824 37.5361644
55.677579 37.5978305
55.624784 37.6113987
55.8390785 37.5017171
55.6756041 37.7676474
55.7028499 37.7758784
55.7593126 37.7071011
55.752882 37.6107728
55.818392 37.461679
55.7538418 37.6360103
55.8360218 37.53639
55.6770022 37.5392574
55.8304343 37.4866814
55.8035871 37.5501479
55.8065096 37.6749085
55.7064623 37.5979875
55.6892719 37.535908
55.7555666 37.6235817
55.6955308 37.8128069
55.7427273 37.6349076
55.7679943 37.6452367
55.7242634 37.716007
55.7696684 37.582752
55.8491139 37.3607655
55.815523 37.4633142
55.6118287 37.5787218
55.4173561 36.8706652
55.6960818 37.5912061
55.857159 37.580993
55.7832322 37.7096623
55.7583767 37.549197
55.7382487 37.8473347
55.853607 37.606766
55.9866219 37.2109901
55.6818533 37.6922752
55.7613655 37.7346294
55.6258979 37.4836685
55.8356626 37.4035422
55.7368101 37.3962495
55.6041662 37.7383226
55.7734066 37.6309265
55.7935248 37.5058752
55.500392 37.521677
55.827459 37.593586
55.618613 37.475567
55.998227 37.210106
55.7540471 37.620405
55.7396561 37.6877793
55.792508 37.787776
55.7681396 37.7182892
55.6431396 37.6325175
55.6324402 37.7485119
55.6297743 37.7598102
55.6930965 37.4886565
55.6012811 37.7275639
55.7745567 37.6740468
55.6365138 37.5146864
55.593243 37.461248
55.7400748 37.5026836
55.7594446 37.6308759
55.7540471 37.620405
55.7833938 37.7068206
55.5628898 37.570458
55.7701302 37.635031
55.9083735 37.3883436
55.7308084 37.4608344
55.630868 37.507295
55.775539 37.5215934
55.833769 37.533014
55.724611 37.530463
55.693366 37.4951714
55.6332131 37.5968924
55.813596 37.4588852
55.7996143 37.5437811
55.7189205 37.4502086
55.67194 37.557233
55.7151006 37.6067307
55.639936 37.3669075
55.7408771 37.8629476
55.8852057 37.5372033
55.7529032 37.7784838
55.8772893 37.5627935
55.7041802 37.736415
55.7857794 37.6587068
55.6938909 37.7474461
55.5885757 37.6088856
55.7934696 37.624676
55.7991529 37.7746572
55.6569489 37.6242385
55.8637096 37.68103
55.8114362 37.7139254
55.7425384 37.609261
55.6835026 37.5527533
55.7522449 37.6428755
55.8308729 37.4226646
55.807506 37.628092
55.8358416 37.5809291
55.8594731 37.5928623
55.6442307 37.4973712
55.675325 37.5957853
55.7949231 37.516886
55.7108495 37.4258092
55.671192 37.5380558
55.7509788 37.7554065
55.6361413 37.7539493
55.4697662 37.2961611
55.8291953 37.4293362
55.745022 37.491134
55.6460861 37.5370549
55.986485 37.146675
55.5238016 37.3752105
55.7011872 37.5640841
55.6591534 37.5172467
55.7323643 37.5633959
55.7324226 37.6630853
55.7368905 37.4805395
55.7536567 37.5204646
55.8044634 37.5791012
55.7257682 37.4948565
55.486242 37.3053045
55.754041 37.7352095
55.782476 37.500818
55.7269806 37.4737476
55.6992666 37.7746304
55.4726929 37.5480124
55.7660708 37.6754727
55.7921643 37.4902034
55.7237887 37.4537647
55.7018238 37.7595978
55.7472525 37.4203435
55.7374538 37.6425803
55.76766 37.6745853
55.8047155 37.5684235
55.743828 37.6276926
55.6525556 37.7186549
55.741264 37.6741023
55.8781133 37.5149209
55.678737 37.565632
55.7713445 37.6337587
55.751064 37.3819905
55.994914 37.206351
55.617328 37.7523605
55.691734 37.660548
55.7673684 37.5653808
55.783316 37.572944
55.6606312 37.7078135
55.7398905 37.6912758
55.7854203 37.6298818
55.7111587 37.6185544
55.543659 37.478837
55.7850181 37.5076032
55.6267624 37.469645
55.7369681 37.8054501
55.7700288 37.6263312
55.7533089 37.4416189
55.647325 37.740525
55.770659 37.375234
55.890719 37.528639
55.8146336 37.6937635
55.8186668 37.4658535
55.762394 37.578684
55.912804 37.57157
55.7627853 37.5255755
55.4326383 36.8725743
55.6230526 37.6489
55.6661597 37.511442
55.7542867 37.5868772
55.535242 37.5405124
55.7081628 37.6815724
55.7927995 37.7082491
55.7968874 37.6100565
55.455576 37.289382
55.7514684 37.5932262
55.7647916 37.6155026
55.7246945 37.6628678
55.6011211 37.6638652
55.8830288 37.6388714
55.7692846 37.6356874
56.000396 37.210761
55.6979196 37.8043543
55.4883558 37.5037389
55.860792 37.540299
55.8348433 37.4958031
55.49414 37.552031
55.604829 37.412972
55.7148936 37.6207599
55.7691495 37.6786567
55.7764141 37.5714985
55.618496 37.5925726
55.537007 37.1577737
55.6024255 37.3492481
55.8699438 37.5757041
55.603263 37.413601
55.773064 37.665686
55.7437584 37.6514921
55.6727985 37.4778699
55.7713882 37.6148001
55.7744772 37.8428485
55.561298 37.581334
55.4982776 36.9243699
55.700103 37.9299589
55.7664704 37.6154753
55.6852223 37.4520082
55.5037805 37.5898243
55.7025439 37.7155184
55.7238247 37.6750479
55.786146 37.497081
55.7731889 37.6180971
55.8609094 37.3443428
55.7248609 37.7818736
55.7385028 37.5812162
55.612568 37.608984
55.793252 37.719262
55.854587 37.586931
55.8670535 37.5905171
55.7473677 37.4119303
55.7497066 37.7820275
55.6602409 37.6034142
55.7164406 37.4592843
55.6865593 37.5489283
55.7755182 37.5039277
55.681643 37.9285722
55.6500601 37.7388393
55.6355431 37.7955909
55.6763871 37.5038789
55.7349122 37.6271558
55.979495 37.148975
55.8013752 37.6967927
55.7209841 37.4427215
55.8428746 37.3735752
55.6694019 37.5465828
55.7012192 37.77942
55.603914 37.528738
55.7834568 37.6103883
55.874928 37.7083412
55.8581385 37.5203681
55.7553793 37.7142416
55.7405601 37.6756311
55.6517824 37.4129892
55.8739001 37.7207348
55.7516294 37.4164395
55.8939382 37.3913895
55.8654278 37.4989623
55.7047504 37.684816
55.7910927 37.3540291
55.6702586 37.4513062
55.8541582 37.5878288
55.7265337 37.480542
55.7593171 37.7623351
55.8671088 37.7073349
55.7674316 37.5888455
55.7452781 37.6597478
55.757898 37.7752254
55.6713698 37.5170211
55.6638953 37.8005088
55.8200329 37.581494
55.8517838 37.4308557
55.680955 37.565362
55.8633536 37.7045471
55.5725069 37.6511172
55.6642879 37.4709588
55.7653539 37.6386196
55.8641196 37.557857
55.7412769 37.7674729
55.8838539 37.5446051
55.6696161 37.7426084
55.7948432 37.586708
55.902299 37.5669806
55.8040463 37.4962643
55.9798567 37.1537427
55.772325 37.684039
55.9366777 37.3730374
55.7809052 37.6975661
55.7365822 37.5194482
55.8074235 37.6475427
55.7366402 37.6615662
55.7820146 37.5097171
55.8897789 37.3806676
55.489514 37.299667
55.600709 37.547324
55.820485 37.6624381
55.7467716 37.7602382
55.7435431 37.5809462
55.6122339 37.5992383
55.6220675 37.4343942
55.7246297 37.4149294
55.8483419 37.4455688
55.6857113 37.6290866
55.881887 37.6405156
55.8185899 37.4667489
55.2781535 37.1144951
55.492839 37.2964449
55.7474808 37.5844633
55.8498787 37.6554447
55.7778903 37.6034888
55.6797041 37.571996
55.540226 37.482493
55.9055548 37.5731423
55.7397032 37.5231306
55.7910846 37.3979298
55.5401032 37.5676479
55.6474114 37.5777901
55.4699378 37.3053408
55.6025792 37.4804457
55.7678763 37.6304885
55.7692299 37.6079464
55.689811 37.657224
55.8906865 37.5317811
55.7971156 37.5798323
55.7835957 37.5784851
55.7472995 37.5979653
55.63657 37.321461
55.8644439 37.5938824
55.7982491 37.4968407
55.9817778 37.2463309
55.6311365 37.6601026
55.6455283 37.6508632
55.738662 37.766046
55.4489838 37.5104948
55.8085762 37.7848266
55.6130123 37.7089066
55.7623908 37.6370851
55.744997 37.597809
55.8101431 37.7957755
55.7624906 37.6451763
55.6707248 37.5846509
55.6742873 37.6043354
55.7435706 37.5780595
55.733418 37.6600621
55.7999722 37.8048858
55.7383082 37.4307365
55.811366 37.509388
55.7705336 37.424226
55.774963 37.63305
55.836963 37.4114875
55.667559 37.7868352
55.717776 37.792411
55.8518159 37.6463003
55.5505939 37.5676191
55.7052007 37.6887812
55.7839207 37.5764721
55.7823677 37.641806
55.8383587 37.6189086
55.7185531 37.5903308
55.785044 37.6555784
55.8933987 37.6402137
55.7832949 37.5808603
55.913216 37.5557637
55.756422 37.807386
55.6649941 37.7854489
55.780021 37.572028
55.6110182 37.4888571
55.678653 37.7283219
55.9105782 37.7363579
55.7244458 37.6546511
55.7197067 37.6700711
55.8409432 37.4952775
55.5256196 37.3860745
55.7447857 37.6510738
55.721392 37.549435
55.7974274 37.8173811
55.7359871 37.4554159
55.5835899 37.6552852
55.7185157 37.6242881
55.6975854 37.8068958
55.8068169 37.6141654
55.5663255 37.1854868
55.663924 37.5501824
55.8081385 37.7978638
55.7400932 37.5469505
55.6538449 37.6061888
55.7023596 37.7758623
55.7584702 37.7945533
55.8723926 37.6766399
55.7785246 37.7216664
55.875723 37.545779
55.7731877 37.6183747
55.7887385 37.6334057
55.495343 37.578469
55.7540471 37.620405
55.7646352 37.6368436
55.7636787 37.6693719
55.710572 37.6144787
55.6285538 37.6003411
55.7523187 37.7062739
55.7489176 37.7558191
55.685838 37.603002
55.8728281 37.5082186
55.7758898 37.6776944
55.6218218 37.6570533
55.7517158 37.5082401
55.849808 37.689934
55.5886816 37.6633372
55.8802327 37.7102048
55.6673718 37.5198124
55.5763584 37.6256149
55.8135781 37.3869437
55.6847352 37.6024601
55.7433 37.57935
55.8308907 37.3595929
55.724292 37.763683
55.6669366 37.62856
55.494614 37.568578
55.7374908 37.4835877
55.7568086 37.553032
55.6614293 37.7784085
55.5797173 37.6676134
55.7879916 37.5921151
55.7929735 37.7182341
55.8331667 37.4101062
55.8827792 37.6048394
55.681463 37.538691
55.55414 37.431693
55.7610966 37.7776021
55.7895724 37.5340041
55.582966 37.5811927
55.8468773 37.5019976
55.7927995 37.7082491
55.6845135 37.4594441
55.862832 37.5954405
55.8242532 37.7759724
55.664091 37.546255
55.776805 37.5748787
55.7860424 37.6597001
55.8900961 37.4940203
55.8548703 37.6137023
55.7190244 37.6814746
55.7764272 37.6701884
55.8077834 37.6018109
55.8934144 37.6631298
55.7676974 37.652969
55.6164604 37.7481444
55.59078 37.427435
55.7923493 37.6013407
55.7655693 37.6030657
55.7122702 37.578281
55.7111263 37.6251675
55.8750726 37.4933059
55.7584735 37.6038365
55.8120342 37.4065407
55.733204 37.6088612
55.7148917 37.4773826
55.8713594 37.696017
55.800823 37.637542
55.774598 37.671067
55.6190344 37.5917031
55.677077 37.49948
55.7953253 37.7005174
55.765716 37.59356
55.7971248 37.4883174
55.623509 37.311256
55.6808732 37.6910056
55.6709051 37.7475511
55.75018 37.50275
55.7540471 37.620405
55.7317121 37.8481873
55.7396682 37.7982841
55.738672 37.68023
55.613387 37.514212
55.605 37.36147
55.8859915 37.400423
55.7065286 37.6047389
55.893177 37.584362
55.5936539 37.5961475
55.750884 37.683949
55.7790546 37.7048634
55.8743861 37.625766
55.864828 37.673771
55.79256 37.4868211
55.595613 37.342823
55.7458361 37.8749753
55.7792438 37.7399547
55.7016771 37.7769989
55.6921853 37.9311096
55.5833528 37.6948425
55.7277158 37.623434
55.7228362 37.6488633
55.8414877 37.5376596
55.7631352 37.6336821
55.7122323 37.6907427
55.7584403 37.6643087
55.7248647 37.6531227
55.545258 37.482466
55.7465579 37.8140975
55.7345489 37.551601
55.6729334 37.5488582
55.7393776 37.6531233
55.8890467 37.5942716
55.991893 37.21439
55.8051806 37.4791699
55.7066419 37.6716525
55.847033 37.369853
55.645913 37.669666
55.6684609 37.7575943
55.747639 37.625989
55.8223995 37.7579402
55.80483 37.510502
55.8533613 37.5425796
55.835801 37.640201
55.8427832 37.4942322
55.6733257 37.7534007
55.600157 37.5089001
55.7540471 37.620405
55.7635381 37.5943236
55.774204 37.6768457
55.811817 37.698378
55.5043505 37.5638067
55.7932614 37.7185022
55.5768549 37.6215281
55.8163754 37.6205372
55.7354084 37.6621791
55.7244196 37.609373
55.827312 37.492662
55.6727985 37.4778699
55.733239 37.625334
55.540181 37.5725527
55.6254355 37.4835673
55.776278 37.84688
55.6511574 37.7504766
55.6289281 37.640143
55.6947274 37.5997675
55.7759056 37.6750074
55.7575207 37.6162624
55.7336665 37.3917207
55.6673696 37.6476075
55.7095633 37.6573874
55.839744 37.573483
55.738204 37.5728452
55.664003 37.3860085
55.8332468 37.6328174
55.7068129 37.8026646
55.7151426 37.7190532
55.6289196 37.4405075
55.8142155 37.6881566
55.674565 37.55814
55.6711465 37.5802356
55.7472895 37.8011206
55.7420919 37.6846529
55.8337503 37.4006661
55.7585842 37.6355625
55.7952177 37.5629376
55.7107314 37.7706874
55.4949082 37.3298068
55.746633 37.775236
55.654772 37.687443
55.7613151 37.6474586
55.747971 37.588341
55.8433582 37.364
55.740385 37.4809037
55.6835842 37.918623
55.8242494 37.4518732
55.549313 37.4624946
55.604286 37.592593
55.711012 37.4233244
55.6445946 37.7507379
55.8170466 37.7807538
55.7904968 37.4687722
55.7360984 37.7135762
55.7478338 37.5873133
55.853046 37.450682
55.7715943 37.6091906
55.7567175 37.4479422
55.797458 37.493677
55.793222 37.637219
55.7841114 37.7119621
55.595496 37.342975
55.7540471 37.620405
55.8503366 37.4667721
55.7643691 37.6521756
55.7540471 37.620405
55.7475301 37.6632956
55.68563 37.433795
55.7422859 37.5765883
55.5940131 37.7349639
55.7278849 37.6116245
55.7621536 37.5303646
55.7801445 37.6880205
55.7692243 37.5911423
55.7386326 37.7758974
55.8148679 37.7310061
55.880631 37.539347
55.930509 37.543524
55.7210811 37.4296935
55.733771 37.703514
55.7187207 37.8246176
55.5013796 37.3326059
55.722773 37.6345217
55.791612 37.820259
55.6474726 37.6047241
55.8102789 37.5062604
55.742276 37.419027
55.6654878 37.4680002
55.6431914 37.512566
55.5847796 37.4876841
55.8240214 37.4996027
55.837262 37.744603
55.8175564 37.7783948
55.7540471 37.620405
55.858321 37.655113
55.6947206 37.5247254
55.6259833 37.7358839
55.8669723 37.709537
55.6493636 37.696777
55.6115937 37.2968826
55.9793518 37.1711815
55.7666592 37.6609516
55.7842886 37.5128105
55.7540471 37.620405
55.7224528 37.4331721
55.7582435 37.5528692
55.975839 37.159989
55.7414175 37.5266298
55.7644636 37.6105343
55.809874 37.476654
55.8113123 37.8373703
55.6760849 37.6787729
55.9783733 37.163484
55.7265085 37.6890327
55.5975531 37.6189382
55.703921 37.7696525
55.7207203 37.6497437
55.7290613 37.6057624
55.7744518 37.48303
55.72601 37.6208569
55.7897462 37.8141725
55.721219 37.524696
55.7355734 37.687619
55.6820367 37.6682196
55.787208 37.7251889
55.6978044 37.786761
55.791071 37.773053
55.6071484 37.4589417
55.759328 37.7626251
55.5847222 37.5571174
55.7414741 37.6653416
55.8078326 37.7021086
55.7543086 37.6000149
55.7886391 37.4063535
55.643073 37.675469
55.770204 37.6089351
55.7483273 37.648073
55.7819626 37.4600502
55.8180869 37.7463894
55.623797 37.7046929
55.7299618 37.7474301
55.7635396 37.6224163
55.4977434 37.5683592
55.9869961 37.2259303
55.5085167 37.5636926
55.8581576 37.6998206
55.6953225 37.8495278
55.6817775 37.5765297
55.7654966 37.4903291
55.7735712 37.6495978
55.7699661 37.6617498
55.991893 37.21439
55.8187157 37.4504303
55.408424 37.185303
55.592985 37.5448853
55.7982363 37.7231713
55.675514 37.561275
55.3659295 37.3870976
55.7451926 37.6482124
55.7087638 37.7250363
55.8246587 37.5169885
55.7903886 37.3667855
55.8107455 37.4102313
55.9071818 37.5724788
55.7740586 37.6328296
55.6793101 37.7800669
55.7322025 37.6970397
55.7674814 37.6151772
55.7604714 37.5725102
55.7730707 37.6935472
55.6752825 37.4481275
55.635924 37.609613
55.7815822 37.4654872
55.7944067 37.6372702
55.786156 37.499588
55.781545 37.572082
55.6021065 37.3520277
55.7674619 37.6053857
55.9765324 37.157573
55.4072363 37.4015697
55.595496 37.342975
55.593181 37.458822
55.783964 37.573546
55.5816896 37.6085833
55.837236 37.6265243
55.7209326 37.6092265
55.7475526 37.6583799
55.7584108 37.6131084
55.8637455 37.570212
55.7540471 37.620405
55.7942614 37.7816301
55.8336169 37.5220419
55.6336762 37.7424287
55.7774927 37.6160754
55.7580134 37.5555177
55.7304454 37.6884582
55.715819 37.594019
55.760802 37.6031107
55.77747 37.4874919
55.7935196 37.5135204
55.7761412 37.6830917
55.7813742 37.6921099
55.658129 37.423123
55.6589769 37.7611465
55.7673897 37.6068213
55.7448546 37.6481772
55.7952866 37.5916071
55.7595813 37.702315
55.7874042 37.6625347
55.5235666 37.2215618
55.718537 37.598088
55.7571059 37.640385
55.7098512 37.4384983
55.779699 37.5907751
55.5709112 37.4928058
55.8501422 37.4179373
55.7860684 37.6068471
55.7595154 37.6098928
55.649982 37.629834
55.8562146 37.6512694
55.7324725 37.633482
55.8458064 37.4186187
55.7301841 37.8619245
55.848456 37.6791248
55.4717658 37.3087607
55.7560668 37.5548389
55.809565 37.493991
55.792245 37.780356
55.7263739 37.6458538
55.778694 37.407025
55.8498305 37.6824613
55.8114499 37.7547504
55.7835844 37.6629642
55.802912 37.635179
55.7738229 37.612171
55.5913088 37.4603131
55.793146 37.390676
55.680783 37.618201
55.738049 37.62501
55.7518623 37.6977468
55.7355279 37.6695159
55.8187222 37.4703979
55.8852737 37.6381255
55.729635 37.644794
55.668707 37.5915732
55.7748264 37.6501509
55.7487471 37.7589709
55.677513 37.572748
55.6188387 37.2753531
55.752232 37.8185
55.7641393 37.5904081
55.7713994 37.6318974
55.7319956 37.5622108
55.7411658 37.4998855
55.7187057 37.592875
55.797739 37.5429943
55.7705946 37.646523
55.848705 37.618031
55.7276854 37.6660098
55.8128202 37.5110759
55.7475287 37.6269172
55.7092201 37.5800304
55.7728089 37.6220968
55.7739467 37.5963213
55.7053666 37.6592377
55.473311 37.541674
55.8224162 37.7858588
55.7739144 37.6169529
55.6584654 37.5376874
55.988132 37.161192
55.70385 37.566791
55.8081799 37.5575834
55.7720328 37.6108089
55.7171668 37.791715
55.665804 37.5706894
55.6661735 37.4267928
55.723094 37.4342073
55.7213843 37.7889186
55.7440304 37.7122476
55.7104855 37.8010543
55.7139611 37.5914248
55.6622976 37.4678493
55.704864 37.616782
55.7534871 37.7781255
55.7753886 37.4711726
55.7995624 37.5491116
55.7190587 37.4290695
55.730999 37.695411
55.7274258 37.4504006
55.863581 37.47421
55.7490279 37.5993359
55.6454019 37.3244308
55.660622 37.618686
55.8791624 37.5794022
55.7798444 37.4814123
55.6579434 37.565741
55.804152 37.564132
55.7950772 37.7316992
55.8331524 37.5118708
55.776669 37.533041
55.7862493 37.6381644
55.5049661 37.3382853
55.6890249 37.5308355
55.5468802 37.4970362
55.7380823 37.6705806
55.8934964 37.6557053
55.73139 37.6046662
55.788869 37.575639
55.815673 37.5824647
55.8572342 37.4943248
55.769125 37.4119386
55.7812307 37.5716457
55.8089593 37.5567072
55.811037 37.65267
55.5776222 37.624221
55.7540471 37.620405
55.704844 37.490299
55.602607 37.463996
55.602207 37.5086004
55.805766 37.641842
55.9766575 37.1742188
55.8665707 37.4909183
55.7557644 37.5098817
55.8127071 37.707959
55.7904932 37.6298862
55.877757 37.7029011
55.7910683 37.381414
55.6477378 37.5434761
55.7871357 37.6848702
55.7913148 37.7650865
55.7466583 37.7825976
55.676763 37.503882
55.8318344 37.5004555
55.5935701 37.1074999
55.681281 37.6255035
55.6407025 37.4849162
55.5412296 37.1551825
55.7771392 37.6854636
55.8360819 37.6241447
55.8821664 37.6396876
55.604737 37.706982
55.8629966 37.6879537
55.721376 37.733859
55.5987304 37.5034022
55.82711 37.446982
55.8976408 37.5794154
55.8531777 37.6082812
55.728773 37.571318
55.7625433 37.5964512
55.5346428 37.5294653
55.61994 37.507205
55.5459266 37.5296844
55.706416 37.638898
55.8819962 37.5267888
55.7198471 37.6941128
55.7390926 37.6038763
55.8240836 37.5037755
55.6078527 37.3274005
55.7255885 37.4372461
55.7876805 37.555134
55.874748 37.602813
55.7898975 37.4529573
55.638247 37.326896
55.6121183 37.5145938
55.757397 37.574514
55.7686194 37.5974507
55.7674279 37.5726949
55.8023313 37.4723975
55.7483488 37.5870239
55.5943135 37.6727341
55.713197 37.551124
55.832862 37.6357216
55.6766042 37.4488161
55.8373723 37.5515364
55.7609134 37.6315274
55.7018025 37.5083946
55.7821193 37.6528133
55.7616944 37.6414822
55.7479397 37.6520275
55.7275304 37.4028384
55.8846357 37.6039296
55.7534106 37.5999935
55.6541326 37.3706875
55.7165441 37.6953986
55.6759167 37.4844001
55.8059778 37.6118504
55.7843504 37.6337315
55.6499373 37.6581599
55.7540471 37.620405
55.5230853 37.3760654
55.7021908 37.9498551
55.791576 37.5811567
55.6940626 37.665167
55.864035 37.532592
55.8622894 37.4633659
55.7598492 37.625594
55.622411 37.619513
55.775155 37.605238
55.8048502 37.7577281
55.7840566 37.6908009
55.8025904 37.4677885
55.5483201 37.5595082
55.768972 37.381163
55.7949433 37.610425
55.640543 37.608212
55.7203731 37.6691279
55.7658558 37.6481
55.7437596 37.629504
55.701318 37.567159
55.8930999 37.5538775
55.767534 37.602562
55.742422 37.647361
55.7730153 37.6740889
55.726421 37.76115
55.8003894 37.574638
55.691572 37.624768
55.879995 37.548923
55.645782 37.502213
55.7439882 37.4958134
55.776239 37.528765
55.834553 37.645708
55.77315 37.588171
55.7535515 37.6116651
55.5900378 37.6319567
55.4795493 37.3914761
55.567214 37.480265
55.4982591 37.5456214
55.5434279 37.5634994
55.7023596 37.7758623
55.719348 37.781174
55.761652 37.662299
55.5020692 37.5762688
55.7856446 37.6066346
55.7574244 37.5621804
55.7155343 37.5951433
55.752882 37.6107728
55.7722003 37.6483576
55.7438348 37.621877
55.7498 37.526025
55.7407336 37.4167394
55.73636 37.670574
55.8622802 37.4127199
55.7961934 37.5872703
55.7510196 37.5924439
55.747373 37.678748
55.6539559 37.6172872
55.8779142 37.4812774
55.7049639 37.5813216
55.6554314 37.3304525
55.7601028 37.5549206
55.6087775 37.3348256
55.6611918 37.4122951
55.7877459 37.5396987
55.7630208 37.5501699
55.6093526 37.7556529
55.7629387 37.7749516
55.7627404 37.5878572
55.8711608 37.6659326
55.318552 37.182213
55.6735562 37.4760602
55.6742226 37.5097502
55.7489982 37.7849544
55.4994504 37.5728511
55.763377 37.6479058
55.7540471 37.620405
55.5365031 37.1629788
55.8541757 37.5218575
55.7192799 37.5814162
55.7525872 37.6038788
55.7540471 37.620405
55.574925 37.473581
55.684782 37.479385
55.847729 37.3494089
55.7821279 37.7027184
55.6424912 37.6048865
55.7769789 37.6075026
55.7568779 37.6531868
55.6021065 37.3520277
55.4666393 37.2912331
55.651059 37.74057
55.8135795 37.6048502
55.7383964 37.4620225
55.7690857 37.5572331
55.7959346 37.689321
55.606309 37.410753
55.7172676 37.6120095
55.6109877 37.6255789
55.3241616 37.2675845
55.7446629 37.6316124
55.910922 37.539033
55.7219555 37.624244
55.8817354 37.5711669
55.8616277 37.567156
55.7161032 37.5765388
55.5746552 37.6173054
55.8206036 37.7430871
55.7348038 37.7995096
55.7640858 37.5069527
55.7392203 37.5083124
55.7857742 37.5214121
55.8065204 37.5047679
55.696474 37.8100292
55.8031604 37.6215892
55.6802331 37.6764007
55.7115811 37.7981824
55.8495606 37.6018281
55.5934707 37.6641844
55.832904 37.652427
55.790605 37.382223
55.662227 37.50867
55.780471 37.697585
55.7575492 37.8418361
55.7652814 37.4873581
55.7551661 37.6034526
55.6400884 37.6717387
55.636412 37.594917
55.9747313 37.1499506
55.8185589 37.5026064
55.7622005 37.642538
55.5371493 37.4426123
55.6416203 37.6076553
55.7348138 37.6652466
55.7012567 37.7409898
55.6717786 37.6066428
55.8858231 37.6994026
55.522475 37.3825401
55.528646 37.5221785
55.8054498 37.3866321
55.7372795 37.5971189
55.6940626 37.665167
55.668376 37.629277
55.7190855 37.6007257
55.8566443 37.6858509
55.877738 37.580714
55.8322318 37.6411127
55.7534451 37.7644736
55.8533351 37.3516927
55.6545346 37.3867011
55.6529093 37.5648073
55.7579025 37.4475367
55.720394 37.817455
55.6923784 37.7273765
55.7785629 37.5964946
55.7004595 37.7408117
55.8043327 37.8008228
55.6722535 37.6115249
55.7548754 37.71555
55.6874331 37.5901527
55.8076291 37.4194845
55.811489 37.3990788
55.7705188 37.6510543
55.7451526 37.5825657
55.7170027 37.5761126
55.7611094 37.6646834
55.9010197 37.5292707
55.7712785 37.6058363
55.6530257 37.5931286
55.759473 37.6057811
55.7390082 37.64902
55.7634834 37.7986133
55.6765384 37.7772945
55.7703808 37.6343234
55.670684 37.4769001
55.7271703 37.6516894
55.8859599 37.4975514
55.5078436 37.5627171
55.5573645 37.5590674
55.6652151 37.7707951
55.7245071 37.7979809
55.654614 37.7273781
55.7775159 37.6772535
55.7766771 37.6688297
55.7560907 37.6022954
55.8703227 37.4759757
55.8202683 37.5244139
55.706333 37.6608199
55.7108488 37.7478922
55.7894007 37.5367932
55.728677 37.764447
55.8840848 37.6704509
55.7935118 37.6737802
55.7899042 37.6734444
55.642972 37.328566
55.317942 37.17791
55.670899 37.504474
55.5891981 37.612648
55.4846387 37.3067639
55.766825 37.651645
55.7378795 37.5732399
55.7564497 37.7356585
55.7193941 37.407037
55.7747894 37.7050064
55.8449851 37.6833268
55.7910057 37.6771157
55.7568542 37.5278934
55.7264025 37.7581593
55.8445546 37.3799147
55.8417786 37.5362155
55.8141747 37.766286
55.737157 37.430723
55.676412 37.425486
55.5910627 37.6627945
55.861773 37.6670668
55.7100466 37.7444409
55.633897 37.628406
55.79611 37.819503
55.8049345 37.4624349
55.7540471 37.620405
55.606431 37.474839
55.747515 37.678523
55.8237171 37.4484745
55.7788483 37.5504846
55.689233 37.417724
55.7126734 37.4199968
55.7772058 37.593116
55.6478595 37.7331819
55.7704707 37.4869031
55.7506387 37.7638459
55.7632695 37.6428726
55.6363748 37.69948
55.6771498 37.6086617
55.663669 37.731443
55.6967956 37.668854
55.8243642 37.5077829
