55.537626, 37.530461
55.7520681 37.8216181
55.8936188 37.5585655
55.816592 37.7376129
55.636366 37.328261
55.7746131 37.3402727
55.7866635 37.5845735
55.8126079 37.8328808
55.7351083 37.5090354
55.8089254 37.5995558
55.7506105 37.5947964
55.693109 37.411939
55.7764411 37.4965108
55.7654663 37.6422062
55.7582071 37.6265077
55.6847706 37.7081402
55.7600196 37.8255427
55.8513386 37.6657339
55.7222808 37.4745367
55.5986232 37.3643396
55.770466 37.687785
55.6024784 37.3541498
55.7269 37.5163046
55.8285719 37.4359274
55.7904544 37.584743
55.8917389 37.6609885
55.7792508 37.6473779
55.5982179 37.3544265
55.7566644 37.6018338
55.7092432 37.6251333
55.6518936 37.5733907
55.7810055 37.6329173
55.7648672 37.5635833
55.662249 37.6170567
55.8723664 37.4845498
55.5744903 37.6492398
55.7715749 37.638226
55.6101004 37.7480019
55.8579306 37.4438743
55.7351366 37.5878094
55.734174 37.6370416
55.7540471 37.620405
55.8311854 37.4949931
55.7383685 37.6133891
55.7166214 37.7270857
55.7186847 37.4249089
55.543175 37.481451
55.8119113 37.6970335
55.6146367 37.7486379
55.993656 37.21298
55.7775065 37.5216985
55.7819746 37.5977901
55.799482 37.657089
55.8072207 37.8380953
55.7581246 37.4190587
55.7564868 37.7115058
55.752232 37.8185
55.7281728 37.7504123
55.7706227 37.5295327
55.68704 37.571857
55.871602 37.634488
55.7215846 37.754859
55.7025746 37.4969446
55.7762636 37.6772814
55.749891 37.414652
55.7247293 37.5733765
55.7963366 37.7988085
55.760225 37.6336272
55.8795898 37.5227419
55.589926 37.452633
55.8239746 37.4140168
55.4695835 37.2921278
55.7317604 37.6822383
55.7387361 37.4227941
55.7325219 37.6239094
55.661994 37.424156
55.910932 37.540695
55.7903581 37.6798914
55.725234 37.6772853
55.7606319 37.6581198
55.8340421 37.4108904
55.7548273 37.5463656
55.769388 37.580795
55.7235819 37.9052756
55.69486 37.558517
55.7996247 37.6069598
55.800245 37.6395832
55.8607477 37.5444581
55.7411658 37.4999542
55.7507958 37.814843
55.7407117 37.6522167
55.6084278 37.5797083
55.803694 37.8085815
55.5722665 37.5640704
55.7458556 37.7605356
55.7570902 37.6526102
55.8674406 37.5196026
55.8051653 37.5168689
55.7610803 37.6667389
55.8462057 37.4335037
55.6833903 37.7800945
55.524936 37.515892
55.779606 37.633706
55.537872 37.581972
55.827105 37.654331
55.841079 37.493704
55.7026219 37.4667436
55.7702143 37.6837692
55.7177947 37.4009855
55.6841769 37.489045
55.7438967 37.5825845
55.6699853 37.5814935
55.8057473 37.5367293
55.8081181 37.6094079
55.7563962 37.6531897
55.494558 37.578594
55.6777617 37.8546303
55.597292 37.342391
55.7925856 37.7792481
55.8309584 37.6272709
55.6989914 37.8653225
55.6514447 37.7232087
55.853324 37.637668
55.6492379 37.6251046
55.7891649 37.6230003
55.63817 37.533167
55.7764718 37.5817299
55.7652731 37.6391641
55.860469 37.556181
55.720078 37.5809917
55.6423605 37.6183828
55.6368238 37.7243907
55.6005526 37.6073136
55.80531 37.8115418
55.7762179 37.674003
55.740041 37.672621
55.6980371 37.5160901
55.793358 37.62581
55.7100584 37.6875774
55.784774 37.718965
55.87223 37.5992132
55.7685173 37.4979081
55.8622262 37.6582018
55.8706917 37.485133
55.8010499 37.5216607
55.8799333 37.5971742
55.592164 37.458059
55.722456 37.697145
55.6842952 37.3428518
55.7144182 37.6454106
55.705132 37.8287078
55.862257 37.560422
55.446891 37.296505
55.7540471 37.620405
55.7540471 37.620405
55.7970649 37.517567
55.649362 37.497773
55.678396 37.4914211
55.7540471 37.620405
55.8079746 37.45075
55.4934418 37.5205376
55.8197951 37.5781768
55.804046 37.590659
55.5896603 37.6657064
55.8317445 37.6253352
55.7678934 37.6322496
55.7561601 37.5985072
55.7039997 37.8447798
55.898498 37.542536
55.7296987 37.6866633
55.6624635 37.7791238
55.6382815 37.7619514
55.7540471 37.620405
55.7096842 37.6250163
55.7540471 37.620405
55.5231114 37.4488154
55.8883828 37.6493892
55.875152 37.67625
55.7077956 37.617024
55.7656237 37.6604782
55.3892559 37.4234858
55.7430476 37.7080477
55.7616929 37.5946747
55.7732101 37.6818678
55.7568103 37.7729577
55.8199134 37.8279443
55.5216822 37.3467958
55.8064915 37.3959042
55.806413 37.51688
55.7416701 37.7113214
55.565809 37.584308
55.7520351 37.5808176
55.8091365 37.5129999
55.865707 37.536679
55.7743858 37.5850485
55.8074563 37.8011886
55.7042283 37.780386
55.8159453 37.7241583
55.807193 37.588521
55.67493 37.524821
55.8930362 37.6102738
55.827307 37.568803
55.770401 37.61901
55.8228914 37.7571705
55.801313 37.634326
55.8482051 37.4987176
55.7118854 37.7340387
55.70319 37.931713
55.8882286 37.6768451
55.878167 37.538242
55.685701 37.428154
55.853142 37.501142
55.67178 37.5409847
55.7101401 37.5997871
55.849003 37.5871978
55.888119 37.509846
55.7329839 37.632075
55.7295073 37.6829734
55.7735177 37.6818382
55.7420162 37.6634124
55.836757 37.641018
55.843495 37.555723
55.6868279 37.6103031
55.967013 37.786069
55.7040244 37.4610741
55.894655 37.6516794
55.7553628 37.6410247
55.7453978 37.6568552
55.722355 37.532187
55.746473 37.6291269
55.7703682 37.5170332
55.7335033 37.4192916
55.7642504 37.6599797
55.5776228 37.6767839
55.5422791 37.1538136
55.757217 37.63606
55.897835 37.3987276
55.8017674 37.5811294
55.7515929 37.679427
55.7731559 37.6205414
55.738876 37.581093
55.5858718 37.634588
55.856391 37.4781
55.6114553 37.5467097
55.7312265 37.5874955
55.7117007 37.8879498
55.7654638 37.6133557
55.7798747 37.7136481
55.7075717 37.8023921
55.7094666 37.7231726
55.7069496 37.4780333
55.2155532 37.0754126
55.7422891 37.6787
55.7214561 37.6095649
55.7367463 37.8540626
55.7617228 37.5730745
55.8237895 37.8095999
55.8892999 37.6538617
55.814472 37.6024
55.7617665 37.6376483
55.722005 37.521605
55.5477621 37.5260468
55.786039 37.4854155
55.5361461 37.5156679
55.7746381 37.6778269
55.80916 37.612021
55.8344468 37.3799321
55.8239746 37.4140168
55.8772216 37.6504769
55.5711697 37.4907144
55.7404605 37.4173998
55.607489 37.532367
55.729279 37.6263251
55.757091 37.5811286
55.698049 37.9256573
55.5039259 37.5623452
55.7573075 37.7128843
55.7546306 37.6243203
55.6689295 37.5476566
55.7465563 37.5374209
55.7826681 37.6644546
55.6140146 37.7059128
55.7678556 37.6659489
55.5791006 37.1272311
55.6772517 37.8556403
55.7564921 37.8237182
55.8782516 37.5408521
55.784354 37.4826
55.7493903 37.5341601
55.692277 37.417212
55.9065928 37.3883003
55.7790816 37.4714909
55.8204931 37.5159686
55.6522061 37.7629535
55.7196367 37.6627302
55.605145 37.724194
55.6783353 37.6972864
55.6031676 37.5887007
55.83843 37.573842
55.8313837 37.6177215
55.6853366 37.4612478
55.8356996 37.6218233
55.8290781 37.4105671
55.978921 37.186022
55.9748417 37.1901994
55.7695501 37.5935297
55.826711 37.721067
55.5103853 37.2484383
55.755373 37.661581
55.5361496 37.1947719
55.8518477 37.3554993
55.6109056 37.3344129
55.996858 37.177479
55.7905851 37.8126634
55.5506666 37.5694875
55.7355205 37.6425496
55.906088 37.54047
55.7786051 37.5910027
55.6821332 37.5878774
55.7540471 37.620405
55.7899665 37.4041506
55.7721613 37.5807922
55.6641022 37.4700902
55.7815255 37.6743806
55.59693 37.345814
55.6449805 37.519412
55.8534311 37.6816083
55.701622 37.940216
55.6901881 37.721605
55.7267144 37.5839128
55.8058979 37.5189492
55.719105 37.779027
55.87622 37.505287
55.7237557 37.7827912
55.633343 37.636599
55.88924 37.591189
55.5479766 37.5455381
55.6721704 37.5165894
55.7595674 37.7615481
55.5687517 37.492713
55.8047618 37.4823299
55.6827058 37.7430049
55.7351625 37.6234795
55.9838436 37.1802932
55.7866 37.6409803
55.791491 37.602409
55.515156 37.352462
55.669597 37.4698618
55.6614539 37.5582062
55.8585999 37.6860237
55.6336785 37.3832443
55.7651543 37.6035613
55.8529084 37.5586047
55.767567 37.6326488
55.6128073 37.3008167
55.5083816 37.5565039
55.8756066 37.553032
55.50859 37.55902
55.7676241 37.6669638
55.6792848 37.6057968
55.8308907 37.3595929
55.7085932 37.8716803
55.7483116 37.6551015
55.805709 37.5849213
55.7399772 37.6290322
55.493563 37.568426
55.6620122 37.5493072
55.7786332 37.4608687
55.7523608 37.5031546
55.8528993 37.5246962
55.7127696 37.6455472
55.756416 37.8122435
55.7555322 37.7759186
55.8705613 37.6766919
55.7914854 37.7056976
55.863207 37.582394
55.8367523 37.4422455
55.7371778 37.5880412
55.754047 37.7816006
55.734184 37.670724
55.8792132 37.7232144
55.7657357 37.6161927
55.68025 37.738234
55.8080201 37.7703944
55.6791138 37.6654009
55.7358663 37.6138456
55.7790633 37.7392205
55.7540471 37.620405
55.6748848 37.4745323
55.6877076 37.5506925
55.5426986 37.5648526
55.6306086 37.7621981
55.7240988 37.628938
55.846431 37.477291
55.6921774 37.454032
55.6473751 37.3922087
55.7632589 37.5968711
55.5751113 37.268795
55.591981 37.601924
55.5631667 37.5746883
55.5088679 37.5612481
55.7443552 37.6002051
55.8016764 37.553364
55.9878312 37.226198
55.4684356 37.5426791
55.7431584 37.6617091
55.648438 37.483283
55.7128511 37.8969043
55.7450196 37.7209703
55.7375746 37.5182922
55.7584488 37.841346
55.718147 37.424749
55.7208759 37.6357068
55.6175877 37.4267542
55.7802599 37.5930566
55.73545 37.4085706
55.7540471 37.620405
55.6047943 37.5950016
55.7725061 37.6806495
55.7296115 37.7720731
55.8433582 37.364
55.7598618 37.5613175
55.715601 37.516413
55.7932579 37.5161676
55.77106 37.6814077
55.7787918 37.5857737
55.6421564 37.5993479
55.8373397 37.5379826
55.847295 37.638521
55.8075824 37.456689
55.7173949 37.8898008
55.7469348 37.6784524
55.7437517 37.632094
55.6295574 37.6136194
55.7396233 37.722031
55.8341889 37.3564199
55.7585085 37.5753706
55.7304595 37.6347949
55.5690464 37.4891669
55.731651 37.5602541
55.8219954 37.5226174
55.718278 37.79198
55.8330274 37.5528387
55.794285 37.545635
55.845689 37.4338574
55.7580703 37.6314706
55.9974022 37.2113684
55.857144 37.558858
55.52016 37.3475954
55.78964 37.3971707
55.779894 37.723115
55.8521512 37.6455779
55.60249 37.607323
55.7773793 37.6019176
55.8837847 37.6104217
53.4000072 83.9301218
55.6965822 37.5103404
55.8470882 37.4766657
55.7970878 37.6541347
55.7123447 37.6105491
55.7613206 37.6942364
55.7540471 37.620405
55.5210518 37.2178532
55.6688037 37.5397687
55.4685939 37.2884696
55.3852718 37.2007282
55.885464 37.6772054
55.7943153 37.3907443
55.6809581 37.6078314
55.814376 37.60478
55.7958002 37.6110863
55.813115 37.7378113
55.883185 37.6597385
55.6454357 37.4845567
55.7491504 37.7726808
55.8679184 37.557951
55.8577388 37.6565481
55.6505136 37.3415062
55.8734735 37.6339578
55.7690132 37.5105614
55.7682279 37.6159888
55.7687301 37.6253998
55.828132 37.650226
55.7304676 37.412873
55.7781949 37.7461602
55.6548644 37.5833273
55.7399348 37.4961005
55.699467 37.625594
55.6219425 37.6663997
55.7994796 37.5848103
55.7628781 37.6378365
55.6942793 37.4877334
55.7582185 37.5552676
55.7889268 37.5215616
55.7534543 37.6524139
55.777889 37.672702
55.753095 37.7833189
55.7423818 37.5835452
55.6632952 37.7729768
55.7354587 37.7611282
55.7130671 37.6446735
55.8279813 37.5227619
55.5817428 37.6989729
55.7819235 37.7066532
55.6497982 37.40728
55.6071484 37.4589417
55.7571518 37.7137595
55.7738671 37.6959883
55.7832268 37.5977901
55.7368832 37.4942699
55.7729216 37.5981988
55.7008494 37.75903
55.8159519 37.7227873
55.7492204 37.5912062
55.6318952 37.3252336
55.7484651 37.6086034
55.68173 37.857227
55.86012 37.481478
55.6529841 37.7245319
55.8097182 37.7409533
55.6457427 37.6032849
55.7844965 37.6375561
55.769162 37.4945915
55.7718122 37.5957131
55.876758 37.449965
55.651008 37.441664
55.7317667 37.6751417
55.7513703 37.6750508
55.8630126 37.68241
55.684884 37.576133
55.7112076 37.641486
55.6492598 37.4997729
55.795064 37.488871
55.7062593 37.6030018
55.658837 37.7570725
55.6609314 37.4847918
55.7506642 37.709215
55.7369214 37.6239094
55.8454184 37.3638852
55.7834361 37.6088408
55.6790243 37.6902795
55.7843586 37.7204334
55.6529703 37.7645779
55.8301207 37.4527136
55.7813958 37.6291215
55.831236 37.501483
55.6035828 37.5990053
55.6406008 37.3551715
55.5720342 37.6653129
55.985221 37.184207
55.7948432 37.5859835
55.76564 37.576951
55.7051806 37.6856684
55.82395 37.440919
55.784549 37.7178968
55.7540471 37.620405
55.749826 37.665165
55.776828 37.4717834
55.696007 37.625513
55.8068452 37.7396626
55.6790572 37.5722082
55.7004171 37.7768361
55.8663492 37.593009
55.8153 37.5954059
55.6781812 37.6939982
55.7111878 37.886648
55.7657224 37.6511789
55.7706719 37.5943455
55.6244572 37.7143005
55.6777022 37.513937
55.7212321 37.6538123
55.8885971 37.6007834
55.8493815 37.4416466
55.8759865 37.5949235
55.7540471 37.620405
55.5770391 37.480555
55.8481533 37.3596387
55.6598823 37.5628331
55.8051002 37.5863346
55.837344 37.5388001
55.5664688 37.5729289
55.541739 37.47925
55.617749 37.505723
55.7540471 37.620405
55.7229175 37.6924173
55.69903 37.938711
55.7812824 37.6341717
55.7696396 37.6285293
55.534824 37.5800038
55.609688 37.3341173
55.6483018 37.6047989
55.8007616 37.7138728
55.811022 37.509101
55.7940114 37.5814942
55.858529 37.559847
55.7430162 37.6009581
55.700199 37.8509157
55.4846387 37.3067639
55.4232585 37.1174346
55.7540471 37.620405
55.8716521 37.6319901
55.5984783 37.3520931
55.749648 37.703505
55.7376337 37.6318209
55.8517037 37.5201655
55.7296463 37.4001836
55.7714669 37.8327163
55.7725799 37.6001058
55.7314849 37.4186579
55.8112146 37.4868534
55.813738 37.602831
55.7721756 37.6643456
55.7540471 37.620405
55.7622306 37.6338814
55.637164 37.628262
55.8103436 37.4023132
55.539777 37.553567
55.7540471 37.620405
55.7962181 37.8037704
55.6458193 37.7557734
55.8105216 37.5295431
55.7944949 37.5364681
55.7519016 37.5926651
55.7810055 37.6338733
55.762787 37.6209671
55.7437743 37.4017162
55.887707 37.6785064
55.8364788 37.616457
55.605241 37.5561433
55.6908507 37.6559081
55.8602231 37.5159653
55.7091286 37.6468527
55.6785678 37.6932092
55.7381764 37.6596968
55.7938426 37.6969939
55.503838 37.571561
55.7441764 37.6545426
55.810596 37.493115
55.973985 37.148382
55.8183047 37.5680034
55.614826 37.587416
55.6888385 37.5809144
55.7736893 37.6770162
55.7126251 37.644409
55.7045691 37.7786004
55.832161 37.650541
55.687949 37.474156
55.812797 37.8345144
55.7313339 37.6456642
55.881278 37.539374
55.724789 37.744738
55.6559624 37.5553673
55.7378153 37.5406237
55.8689896 37.6531231
55.8540501 37.4757548
55.8078537 37.7129033
55.7851489 37.629785
55.8429796 37.5263947
55.8765438 37.7216897
55.7264428 37.6769707
55.6989875 37.5051062
55.7092432 37.6251333
55.7384073 37.6048205
55.565651 37.444
55.692024 37.467509
55.7701609 37.6604311
55.7001885 37.8386229
55.7540471 37.620405
55.758403 37.8391707
55.751832 37.52527
55.5673351 37.5722279
55.790433 37.748331
55.7076031 37.6559868
55.772795 37.5513708
55.663527 37.424767
55.7590308 37.649733
55.5998765 37.5409237
55.8286621 37.4969131
55.7579805 37.6532731
55.7542182 37.6064468
55.3083667 37.1475508
55.7397381 37.7831439
55.7296463 37.4001836
55.6958923 37.551336
55.56747 37.47869
55.7643646 37.6828685
55.7314915 37.4643753
55.7491504 37.7726808
55.816353 37.811303
55.734439 37.6359277
55.6207395 37.4441851
55.786432 37.7215949
55.7588388 37.6322725
55.7718117 37.7051581
55.7263743 37.6306179
55.804901 37.509289
55.7690004 37.5779992
55.8102765 37.7090168
55.7554458 37.5633713
55.836723 37.6378251
55.6089025 37.4603395
55.8581146 37.5680252
55.7823445 37.5990702
55.778978 37.532879
55.7263909 37.6876352
55.6589971 37.7230429
55.8531943 37.540028
55.6042195 37.7389692
55.587102 37.221981
55.7410239 37.6281217
55.7033178 37.8456106
55.8588618 37.6363417
55.7540471 37.620405
55.7175983 37.6878636
55.7516369 37.6658089
55.8739365 37.5363412
55.6199033 37.3916239
55.7721195 37.5766434
55.6263942 37.6564759
55.669986 37.480409
55.6229868 37.7030118
55.7337365 37.5895545
55.7083567 37.6253571
55.6102135 37.5516325
55.5658389 37.5754787
55.833637 37.504115
55.701293 37.561113
55.7065574 37.4334905
55.7737826 37.4992801
55.760222 37.6489517
55.7173371 37.6315099
55.669986 37.773143
55.809856 37.817558
55.695863 37.5821715
55.8429944 37.4255017
55.7454292 37.6281248
55.7029959 37.5544607
55.7182535 37.825575
55.7267127 37.4699479
55.6188911 37.7534446
55.8741174 37.7078747
55.6656595 37.7795412
55.8201396 37.6190007
55.816548 37.7650187
55.7875238 37.6357363
55.6028553 37.3576476
55.7197067 37.6700711
55.7540471 37.620405
55.979193 37.180596
55.6703225 37.5023784
55.7373539 37.6572584
55.8646422 37.5092337
55.6889057 37.5876749
55.5795738 37.6106535
55.6713894 37.478024
55.7588074 37.7503103
55.86155 37.549812
55.7777565 37.6915351
55.7427273 37.6349076
55.760996 37.513628
55.792377 37.602894
55.4249914 37.2951402
55.7220202 37.7957111
55.7621204 37.6538677
55.664756 37.423509
55.7957731 37.5824706
55.8535704 37.4500279
55.7229288 37.4362645
55.7698843 37.6846455
55.537088 37.581721
55.790064 37.806713
55.78832 37.7296912
55.658733 37.736563
55.7092718 37.4833017
55.6661292 37.4272372
55.4629996 37.2820809
55.8409101 37.3869783
55.8825026 37.5331797
55.7540471 37.620405
55.6167907 37.2703859
55.7579902 37.641007
55.7350085 37.5857635
55.8251185 37.8080661
55.887544 37.584972
55.792721 37.780203
55.7768731 37.603013
55.714435 37.894119
55.705713 37.4663843
55.7790393 37.5997155
55.7762636 37.6772814
55.718701 37.4226114
55.6684214 37.5232009
55.5941475 37.5980245
55.760774 37.6147438
55.6721677 37.5642858
55.7865615 37.3934822
55.984184 37.148014
55.77554 37.539769
55.7849302 37.5266037
55.7811493 37.7407032
55.8090092 37.3789306
55.7959594 37.7757061
55.7369712 37.649304
55.7653539 37.6386196
55.7570515 37.5994528
55.8672068 37.6748592
55.7046042 37.5127975
55.640462 37.690722
55.7309822 37.7416191
55.7317948 37.6867894
55.8865628 37.686301
55.7115286 37.6854386
55.7612558 37.5471365
55.7407595 37.6229292
55.65338 37.620842
55.7540471 37.620405
55.7851489 37.629785
55.815999 37.429959
55.7240501 37.4046082
55.682534 37.536005
55.7724294 37.7406587
55.6521523 37.7662284
55.7540471 37.620405
55.69936 37.621148
55.612472 37.612147
55.7563357 37.6650036
55.813694 37.57444
55.7519371 37.4358067
55.7881475 37.6353014
55.7926847 37.5249993
55.7556585 37.6219094
55.7621842 37.6446432
55.793429 37.611509
55.7448014 37.6458372
55.5390082 37.5028359
55.7767078 37.6786344
55.7963063 37.5514659
55.7916455 37.5820807
55.6078867 37.7426187
55.625349 37.508804
55.738648 37.491483
55.6549959 37.7280976
55.4925659 37.5729031
55.777155 37.694235
55.6335676 37.5217368
55.7402821 37.5938623
55.671174 37.62908
55.744308 37.419521
55.9991452 37.2221432
55.6997558 37.9266488
55.8511224 37.6460752
55.6209856 37.4213913
55.7653892 37.6756572
55.7382268 37.6628838
55.709638 37.4747057
55.7405683 37.6292357
55.680328 37.4574307
55.6839792 37.6767611
55.638617 37.31723
55.7644516 37.5644749
55.8905813 37.581505
55.7945447 37.7286069
55.7757027 37.6724384
55.800362 37.776134
55.6015771 37.6390804
55.8849045 37.6085257
55.7710974 37.6286369
55.7087755 37.6513921
55.8032577 37.3939282
55.7791732 37.6071205
55.7028023 37.6404891
55.6529757 37.7350876
55.7417434 37.6231451
55.7642063 37.6575043
55.7852176 37.5833643
55.6730223 37.7218
55.7250461 37.5824013
55.7935839 37.7090171
55.682077 37.613961
55.6900011 37.8523497
55.806388 37.629655
55.6360673 37.5413179
55.7720384 37.6200989
55.733459 37.6805337
55.898018 37.57155
55.7252158 37.4257277
55.7904307 37.7470434
55.5715065 37.5805804
55.748676 37.5804702
55.7796346 37.6286943
55.7630735 37.6471815
55.985972 37.160581
55.7706652 37.4149308
55.6964701 37.7358746
55.7545451 37.7635066
55.98461 37.23761
55.8180564 37.7242536
55.8200833 37.5828157
55.647066 37.370239
55.6489411 37.7573516
55.6742432 37.6200354
55.760585 37.614824
55.643424 37.377075
55.6768339 37.7674043
55.8918676 37.6574798
55.7443406 37.6250258
55.7671884 37.5713451
55.8721319 37.5583132
55.733368 37.41154
55.6765982 37.7611824
55.7356512 37.8146803
55.757669 37.8142736
55.6549726 37.7563397
55.7189325 37.4602835
55.7259882 37.7850918
55.7982648 37.6983095
55.6938254 37.6108117
55.6725414 37.7616635
55.6922659 37.5659299
55.6638842 37.6688481
55.65887 37.573627
55.6483112 37.7382157
55.7721212 37.6783262
55.8675317 37.6063993
55.6183925 37.6833901
55.8716133 37.6912484
55.734327 37.6647135
55.655127 37.746004
55.8554872 37.4304362
55.782218 37.633266
55.7933896 37.7118792
55.8354676 37.5314802
55.7844981 37.5286624
55.7057401 37.6332894
55.8033005 37.5553416
55.8019904 37.8120871
55.7571246 37.6039305
55.7680077 37.6041201
55.7165862 37.6322166
55.688002 37.6901975
55.7936791 37.5816704
55.856654 37.554475
55.6793398 37.6718378
55.783735 37.5787621
55.8013047 37.5355743
55.7715749 37.6921194
55.776463 37.5483403
55.7703986 37.590766
55.6622912 37.4742812
55.8221291 37.6215041
55.830088 37.647899
55.8479379 37.4417412
55.8094686 37.7856098
55.7360556 37.634534
55.7623208 37.6376756
55.7666002 37.6753623
55.6977487 37.5550061
55.7282817 37.6749242
55.6353962 37.3430735
55.8585979 37.5911161
55.63971 37.700083
55.8896746 37.581018
55.7654948 37.6528118
55.8879468 37.6347822
55.8007746 37.55492
55.7329653 37.6234662
55.8512962 37.5173215
55.8123385 37.572743
55.6691142 37.5757807
55.8573502 37.5958912
55.7707644 37.5776895
55.8887823 37.4023357
55.6697693 37.7587578
55.831762 37.402237
55.824333 37.58206
55.7593152 37.6154014
55.7767205 37.5865722
55.7678626 37.57401
55.941012 37.535125
55.7572469 37.7153703
55.754813 37.6345118
55.7809375 37.6652041
55.7265273 37.4959694
55.75915 37.585335
55.8604502 37.673259
55.6872752 37.5336709
55.6404769 37.4756082
55.81692 37.522252
55.710951 37.893131
55.7326258 37.6563493
55.886539 37.543713
55.7540471 37.620405
55.7775035 37.6008523
55.6724675 37.7458892
55.8904317 37.5932658
55.6539772 37.6071047
55.7555201 37.4258475
55.6586036 37.776451
55.8608272 37.6272141
55.7694024 37.6207099
55.7670968 37.6317895
55.6853893 37.5511808
55.7629438 37.6392181
55.7253403 37.5637445
55.796157 37.543488
55.7542913 37.5900432
55.7088455 37.5058605
55.7580149 37.8214679
55.7009562 37.7372799
55.648931 37.743471
55.8007964 37.7696683
55.7722788 37.4644261
55.8032192 37.4968097
55.8724149 37.710179
55.5329097 37.5273201
55.6127696 37.6003468
55.6439001 37.7401486
55.7573456 37.5722471
55.8863821 37.6854282
55.7306978 37.6281744
55.6044978 37.7395137
55.8953265 37.5226499
55.791754 37.7096019
55.6830059 37.6663057
55.773428 37.6427272
55.889058 37.58977
55.7343612 37.5904769
55.7489285 37.6628367
55.8297455 37.8116509
55.7458195 37.837595
55.6844692 37.6859281
55.7652746 37.6223942
55.7633646 37.7034371
55.8637567 37.7016396
55.6792852 37.5615314
55.7884813 37.5811165
55.7338484 37.5528551
55.76275 37.6352098
55.897757 37.588303
55.678118 37.43755
55.7984977 37.5207235
55.7999216 37.5472929
55.6321794 37.4867659
55.8205745 37.6444698
55.720108 37.818253
55.7811493 37.7407032
55.8560157 37.6476818
55.8085322 37.6176967
55.8064297 37.4802659
55.8525538 37.6553275
55.7300922 37.5640509
55.755965 37.6261948
55.6935996 37.532345
55.699467 37.625594
55.6333331 37.6080152
55.7105471 37.577505
55.8195056 37.7922708
55.8104711 37.5682293
55.742076 37.6276561
55.7913437 37.769887
55.831044 37.406037
55.689563 37.561949
55.8048568 37.6406183
55.664512 37.549812
55.8166127 37.5197646
55.997155 37.186147
55.796526 37.486859
55.700481 37.621669
55.7235299 37.7985041
55.5965954 37.3582777
55.6006242 37.3533479
55.6119069 37.5549545
55.8185895 37.5681169
55.6058 37.606541
55.8232678 37.6214682
55.7336294 37.4033848
55.7405461 37.6584935
55.6931727 37.5465709
55.7214288 37.6302897
55.8056712 37.5947766
55.6337324 37.7395534
55.9821668 37.2142348
55.6474155 37.7232447
55.7449706 37.7918555
55.5861186 37.7188442
55.7459308 37.6679345
55.6071562 37.7532995
55.7384033 37.6744578
55.645934 37.677616
55.7309679 37.4417964
55.8146673 37.4715838
55.8396413 37.4561779
55.7773449 37.6344275
55.8424715 37.4445606
55.7119253 37.6626838
55.6353255 37.6119054
55.7485518 37.670362
55.785118 37.7215441
55.774548 37.641566
55.7791649 37.5980571
55.6200556 37.4495652
55.7658638 37.6347318
55.6989318 37.5232558
55.8691933 37.6630121
55.6213817 37.6068277
55.7232358 37.5720392
55.849423 37.6533602
55.7630303 37.5949631
55.878339 37.542644
55.6581519 37.4311867
55.8291164 37.8220991
55.8405246 37.5274527
55.86105 37.560538
55.7579767 37.6024161
55.7624992 37.5920056
55.7452325 37.6588315
55.7904741 37.816231
55.712768 37.6961275
55.66168 37.7046561
55.6943244 37.7561141
55.8541453 37.402443
55.6623965 37.605708
55.6843111 37.6064183
55.7672616 37.647234
55.5971029 37.7405421
55.5987304 37.5034022
55.784622 37.56945
55.5830231 37.688542
55.7479264 37.6805233
55.6021174 37.5331494
55.8414978 37.3887338
55.8667753 37.702554
55.870026 37.5983
55.8579947 37.5012932
55.7867462 37.52025
55.7815275 37.643059
55.8044831 37.6460746
55.7969951 37.4070129
55.7658676 37.6447584
55.7458863 37.496602
55.806424 37.7056552
55.7038453 37.690231
55.859473 37.431001
55.8295851 37.4539091
55.677798 37.572109
55.7838608 37.5873729
55.7275954 37.5812466
55.7593043 37.5939996
55.763872 37.6725063
55.6959705 37.7316524
55.77756 37.477256
55.7907235 37.4137823
55.8840624 37.5055295
55.8868231 37.5002845
55.7934109 37.6324955
55.5491559 37.5347278
55.7324983 37.8285496
55.801268 37.555723
55.7540471 37.620405
55.7559734 37.6333956
55.7610579 37.6801284
55.7737899 37.6948132
55.7617754 37.4085874
55.623015 37.500773
55.7719814 37.46713
55.7308771 37.6314957
55.6587619 37.5795799
55.8507723 37.6468111
55.7332637 37.6624902
55.8196935 37.6568777
55.5832084 37.6468142
55.796575 37.7221649
55.799947 37.484703
55.8873735 37.5183433
55.9748417 37.1901994
55.7805052 37.5745414
55.8826297 37.5373172
55.6516242 37.4819516
55.702368 37.592482
55.713358 37.7212536
55.7659405 37.6475848
55.7642954 37.5859496
55.8697992 37.6776652
55.748871 37.7529179
55.700035 37.62369
55.8182024 37.581524
55.837045 37.647244
55.7954562 37.7821203
55.6813286 37.4919304
55.6592785 37.4730006
55.508534 37.587191
55.6519917 37.4954885
55.746208 37.596821
55.8129494 37.7971912
55.5721521 37.5713962
55.516292 37.576627
55.7957219 37.7525088
55.730392 37.5799337
55.7904932 37.5210753
55.827439 37.444907
55.8221666 37.5030067
55.6512546 37.5072436
55.7974245 37.5636577
55.7353823 37.5923771
55.711553 37.3972622
55.7688386 37.67836
55.8857703 37.6499251
55.7602695 37.4191536
55.535028 37.520146
55.7997455 37.7973749
55.7779308 37.5987269
55.828051 37.491179
55.922863 37.391188
55.6581986 37.5219733
55.6358279 37.7409437
55.6405869 37.3524623
55.9749288 37.1828898
55.8218526 37.5199474
55.7238271 37.5823289
55.7363703 37.7112815
55.672856 37.5317102
55.563661 37.58031
55.7043717 37.7412853
55.7843744 37.6147354
55.6655426 37.6507958
55.597886 37.1607833
55.7520339 37.7222656
55.79055 37.547387
55.6844916 37.4377519
55.7629165 37.6198136
55.6856016 37.5842071
55.6092693 37.7164379
55.7348003 37.6631627
55.890687 37.5221027
55.7793491 37.6209036
55.7456173 37.6705122
55.684574 37.433238
55.7952977 37.6017098
55.7542855 37.7753891
55.7420969 37.6534769
55.999702 37.20273
55.7425583 37.5278972
55.7912665 37.6031777
55.738617 37.865292
55.7478885 37.5989593
55.568751 37.559604
55.6556693 37.6569535
55.7926715 37.5972446
55.755508 37.6045352
55.6840033 37.7518369
55.7955049 37.8000489
55.8021442 37.4065545
55.8501779 37.6735222
55.764912 37.5966345
55.7635677 37.7171362
55.8509043 37.3421687
55.6925366 37.5675953
55.649973 37.7588927
55.631793 37.412047
55.7613271 37.5855491
55.5475735 37.5678668
55.8558264 37.352248
55.7921648 37.5759742
55.7975085 37.567331
55.7476357 37.5325843
55.6828182 37.5613368
55.6575524 37.5733618
55.7583028 37.6317845
55.6026866 37.7406602
55.5784116 37.3566288
55.7074587 37.626477
55.5454906 37.5561543
55.6998394 37.500824
55.852784 37.571929
55.7022115 37.7955101
55.6526852 37.3827265
55.787 37.6744457
55.8207993 37.6486116
55.543954 37.48428
55.7804593 37.5886527
55.7540471 37.620405
55.7540471 37.620405
55.7264985 37.6286531
55.693992 37.554457
55.734907 37.6198143
55.7657502 37.6983013
55.797311 37.5410851
55.7322726 37.5606127
55.7339671 37.5187291
56.0081429 37.18505
55.8581585 37.491516
55.8813242 37.6789436
55.7945349 37.563757
55.7894804 37.6767795
55.7583307 37.6299341
55.7961127 37.4543285
55.7165105 37.5957368
55.672509 37.6692723
55.5539 37.553981
55.817643 37.730203
55.6435356 37.5400692
55.7440035 37.6281277
55.737583 37.602822
55.8442488 37.5737605
55.7779039 37.5051056
55.851884 37.621947
55.7576243 37.5867948
55.6692134 37.5340915
55.7808804 37.7222997
55.7581132 37.6570604
55.7875033 37.611982
55.794074 37.4004629
55.7671803 37.6787292
55.7705487 37.5768388
55.7944361 37.5866091
55.87526 37.6728316
55.6974055 37.4609371
55.693718 37.735234
55.7755 37.659766
55.760874 37.718076
55.7717676 37.6257482
55.759086 37.6429081
55.6666656 37.7395725
55.713191 37.9461525
55.7410344 37.6103657
55.7721272 37.5928702
55.606405 37.471821
55.863419 37.702023
55.7076657 37.3980381
55.8890554 37.3946719
55.7636322 37.6012918
55.7270583 37.782236
55.8053795 37.4180274
55.641864 37.402327
55.663481 37.73041
55.8427399 37.4340405
55.7678591 37.5986136
55.7391681 37.6437942
55.725605 37.383831
55.735439 37.7218667
55.7742102 37.5921654
55.7569849 37.5356229
55.5031935 37.5890284
55.6616323 37.6165215
55.7960467 37.4941147
55.861883 37.547782
55.8285009 37.4480608
55.7140345 37.5246631
55.7949881 37.7998206
55.7896914 37.4575868
55.692024 37.467509
55.737542 37.641135
55.7788854 37.5107376
55.7378758 37.6399675
55.7872351 37.7179097
55.69107 37.560188
55.7559 37.506675
55.7663484 37.643843
55.66076 37.54356
55.7576678 37.6507452
55.7573152 37.8391324
55.6224098 37.6675682
55.6944478 37.9331763
55.6775407 37.5166039
55.6881452 37.6023357
55.7410989 37.6191431
55.615812 37.583778
55.7409813 37.5869628
55.8892639 37.5731026
55.7651983 37.6344511
55.7295858 37.6638113
55.7343372 37.6615082
55.8383756 37.6552789
55.785761 37.568839
55.6832939 37.7604196
55.740694 37.594692
55.7174619 37.7821082
55.798961 37.537883
55.7750003 37.5894062
55.7237497 37.4096049
55.6634154 37.7778518
55.7765184 37.8345932
55.6424418 37.5929385
55.8615241 37.6070707
55.770509 37.5017866
55.8094782 37.3982722
55.6102499 37.7465381
55.5846085 37.6976043
55.995035 37.214974
55.7621608 37.5586821
55.8682865 37.5905691
55.8134924 37.6346751
55.6516242 37.4819516
55.841311 37.4874561
55.6674615 37.567514
55.8110964 37.5666873
55.8372172 37.3829626
55.7441025 37.5846802
55.7742325 37.6264087
55.7644104 37.564329
55.7346719 37.8310489
55.7548889 37.8130277
55.6065953 37.7515641
55.7821517 37.5158179
55.7657803 37.6421585
55.7259072 37.4124395
55.7982382 37.620064
55.7215329 37.6352317
55.6506163 37.7471557
55.7958948 37.8120561
55.8589672 37.693929
55.8080406 37.6544086
55.765063 37.63562
55.727706 37.6015999
55.6134814 37.7239442
55.7104019 37.6680663
55.667335 37.620896
55.6587382 37.5803515
55.720342 37.513116
55.7943344 37.5839728
55.6523093 37.5770888
55.7329769 37.5933178
55.7267346 37.5316284
55.8036588 37.8348183
55.7846314 37.570792
55.7181789 37.8945181
55.7762594 37.5565727
55.6390481 37.762442
55.7263829 37.6808683
55.998856 37.215307
55.7426393 37.6631038
55.771272 37.514751
55.8722229 37.670573
55.7813112 37.5984787
55.7877562 37.5957662
55.7412272 37.6953023
55.820895 37.512164
55.5032461 37.5690938
55.7412218 37.5501548
55.6792528 37.6782176
55.7990811 37.5592958
55.744016 37.6024322
55.6211334 37.5929994
55.896731 37.519252
55.7445725 37.6880782
55.7154147 37.7638847
55.811503 37.4872
55.7222612 37.701208
55.7532518 37.5939473
55.747586 37.79914
55.843859 37.551914
55.6528226 37.5241068
55.8789964 37.7144617
55.7732017 37.6691975
55.5959721 37.5918359
55.8073884 37.8357241
55.894042 37.3904628
55.8356542 37.3536888
55.8595615 37.6396999
55.7328991 37.6761444
55.8632445 37.661986
55.8429785 37.5477265
55.8964378 37.6090633
55.7513223 37.5657262
55.7846261 37.6004405
55.7880461 37.5997547
55.775034 37.632628
55.7909602 37.6630137
55.71803 37.521201
55.7095846 37.4707487
55.7814937 37.5727885
55.8228953 37.4604417
55.855851 37.470374
55.7971936 37.5622251
55.7621362 37.7347783
55.7094812 37.6282796
55.5418285 37.5211671
55.6388284 37.5384822
55.789244 37.608086
55.771687 37.619656
55.760373 37.593911
55.6673242 37.7482784
55.7064905 37.6176545
55.5341564 37.529936
55.6696725 37.6603414
55.7111078 37.8951017
55.6777273 37.4970738
55.657103 37.621229
55.722685 37.560826
55.8514586 37.6420667
55.803681 37.517338
55.6125282 37.5412402
55.726872 37.381163
55.5421274 37.5463776
55.766878 37.6063001
55.6425681 37.5201868
55.7725916 37.5822898
55.815241 37.607664
55.8133957 37.4789313
55.7478357 37.5151812
55.7320248 37.5914138
55.741706 37.5087955
55.6143078 37.6255747
55.721006 37.815507
55.752732 37.6688625
55.713451 37.588575
55.5923865 37.608944
55.8102231 37.7830867
55.7804431 37.6286511
55.7609304 37.6497195
55.5477956 37.5503049
55.736169 37.619441
55.7420692 37.6321861
55.5352459 37.4497833
55.7804814 37.6074834
55.717259 37.6124365
55.746348 37.7675787
55.5718174 37.5703201
55.6086323 37.7136547
55.6807398 37.5567469
55.5663 37.566532
55.845158 37.488538
55.6947219 37.8099744
55.7558109 37.6343064
55.7445721 37.6828383
55.7152647 37.9325662
55.8195952 37.4578016
55.7955462 37.397779
55.736552 37.4035938
55.7962482 37.7122034
55.8261145 37.4301236
55.7358977 37.5972645
55.6477272 37.7319221
55.7913558 37.6596997
55.792842 37.491521
55.7339273 37.7590723
55.7273355 37.5269846
55.7729052 37.5401358
55.6902077 37.5787733
55.6480327 37.7371513
55.7456352 37.8292217
55.7823168 37.597954
55.76897 37.6277163
55.6805074 37.5293095
55.8002762 37.6954003
55.801535 37.5762801
55.7563997 37.6439428
55.652568 37.733653
55.6144009 37.6194903
55.7625858 37.6824327
55.7908607 37.7167356
55.5815913 37.6505781
55.7242662 37.6738956
55.592464 37.632089
55.582436 37.599813
55.7957751 37.7175308
55.6976191 37.4971189
55.7136177 37.4066416
55.717366 37.788665
55.7943153 37.3907443
55.8012481 37.4909582
55.880667 37.6963865
55.8632486 37.6056915
55.7297725 37.6297123
55.8608636 37.4183951
55.7266646 37.6926837
55.5653676 37.231368
55.789082 37.497629
55.7477752 37.5939028
55.7312986 37.5919172
55.8116771 37.7266895
55.879157 37.547189
55.6844096 37.7503246
55.7256126 37.4357577
55.8850358 37.3958406
55.8554322 37.6279215
55.5346123 37.5238941
55.7816598 37.5871043
55.9093333 37.5841037
55.8241987 37.6265738
55.665142 37.478603
55.5614956 37.5563676
55.7376178 37.6437236
55.739111 37.5440302
55.6987075 37.5149078
55.8137598 37.5862275
55.7698296 37.6302387
55.651674 37.490551
55.7120776 37.4475145
55.8425435 37.5750059
55.8607925 37.6843136
55.718035 37.593102
55.859595 37.578046
55.7658612 37.6238501
55.870683 37.673268
55.7406806 37.5520807
55.7759617 37.5530932
55.6071842 37.6205319
55.54947 37.547189
55.8014283 37.4746295
55.6808679 37.6728946
55.6037103 37.742951
55.89446 37.66123
55.8905545 37.5254927
55.7252959 37.7612195
55.674326 37.564985
55.666101 37.516206
55.7375802 37.6239094
55.865074 37.6778791
55.6919264 37.5308673
55.8493549 37.4334875
55.6509815 37.6426593
55.9070961 37.5507709
55.7413247 37.5857064
55.5132514 37.5714631
55.6668067 37.5188409
55.6102124 37.3325591
55.7466304 37.8236959
55.7187698 37.3955424
55.791344 37.601097
55.5633471 37.44225
55.783463 37.574588
55.7762904 37.6280155
55.8495424 37.4752703
55.6420373 37.7652058
55.7237381 37.8287696
55.7239674 37.6540642
55.7363335 37.4673367
55.8264111 37.5708204
55.680763 37.533499
55.500172 37.566027
55.8421168 37.4364154
55.6693828 37.6606333
55.7376162 37.6748529
55.7619361 37.6208228
55.993021 37.216502
55.5921645 37.370249
55.8118954 37.567156
55.738201 37.4296
55.683785 37.6663893
55.8504845 37.5380236
55.7302601 37.6323703
55.7860556 37.6578026
55.6891634 37.5681794
55.6963337 37.5816046
55.7021355 37.4331758
55.8911512 37.6194243
55.751761 37.514068
55.7320276 37.3912297
55.6879773 37.5839538
55.7597995 37.5517701
55.5915794 37.6654875
55.610562 37.6974873
55.8635486 37.5930922
55.7759416 37.5005625
55.7929948 37.799018
55.6557705 37.5529703
55.6386083 37.5038981
55.672549 37.527525
55.7428242 37.6297369
55.544525 37.542084
55.8115112 37.6989593
55.7700323 37.6468663
55.8860592 37.4012954
55.801429 37.4770732
55.6979232 37.8485596
55.6069823 37.3548009
55.772474 37.6090417
55.640543 37.608212
55.7360261 37.5952414
55.7834656 37.5796946
55.6715997 37.5942547
55.6425711 37.5404863
55.7540471 37.620405
55.7700141 37.690482
55.4920669 37.2972332
55.6198515 37.3878519
55.6619053 37.6109949
55.6449805 37.519412
55.7707498 37.6832084
55.4910558 37.5290687
55.7228849 37.5620159
55.7139352 37.7185647
55.6606307 37.5176788
55.6147373 37.730171
55.7688918 37.6564006
55.7059932 37.6601093
55.7126236 37.627732
55.6560594 37.6487681
55.7504386 37.6642712
55.75398 37.647127
55.8138384 37.7334572
55.5862702 37.4576837
55.6829598 37.5948891
55.759106 37.552732
55.8368395 37.5303388
55.7722398 37.6314634
55.7990884 37.4580949
55.7521097 37.6699647
55.83388 37.538359
55.7225869 37.6118127
55.7612044 37.6173893
55.703994 37.6132059
55.575466 37.4336687
55.8273595 37.3651579
55.7326288 37.6506573
55.8362648 37.5900279
55.6877542 37.4745803
55.5502165 37.5417779
55.8547443 37.6971347
55.811022 37.509101
55.8674889 37.4933217
55.7851683 37.594428
55.7316515 37.5854597
55.8330093 37.6426311
55.7634018 37.6459453
55.6594653 37.7595532
55.9826066 37.1748663
55.742164 37.6556983
55.7751491 37.4831614
55.896337 37.5398709
55.6370044 37.339276
55.7381113 37.6619817
55.7791732 37.6071205
55.7485169 37.5612653
55.7963826 37.7946664
55.7276826 37.6364474
55.7042567 37.749509
55.608429 37.622136
55.8515562 37.5340916
55.74944 37.683212
55.6826883 37.6590227
55.5865439 37.6035265
55.8882629 37.5565943
55.860964 37.482672
55.7199683 37.6345345
55.7660481 37.610264
55.7620685 37.5985971
55.787958 37.567042
55.7546651 37.5991739
55.666944 37.705104
55.8555034 37.4086076
55.6849227 37.6107139
55.8855993 37.3947408
55.8006339 37.825822
55.6822598 37.5281814
55.6737313 37.5650853
55.7736893 37.6770162
55.6123503 37.5134861
55.7612644 37.5516234
55.7446974 37.5190545
55.7550568 37.637337
55.7202909 37.4057949
55.7246297 37.4149294
55.7739499 37.6177305
55.7501478 37.6522134
55.7775538 37.649522
55.8712616 37.6688628
55.776311 37.7369842
55.7518425 37.8203577
55.6394611 37.3478157
55.7573747 37.6212303
55.6822967 37.5816285
55.7362108 37.5907954
55.7389919 37.6280041
55.7577716 37.6541005
55.7172838 37.8821035
55.7540471 37.620405
55.7338771 37.4426459
55.4675104 37.2962205
55.7261694 37.5281707
55.7823445 37.5990702
55.7507673 37.5986741
55.7469091 37.6904159
55.8005628 37.5857426
55.8897867 37.5269069
55.8242839 37.8079936
55.7338596 37.7115687
55.7519271 37.5983563
55.7391559 37.8566092
55.684138 37.522225
55.6561018 37.6080221
55.705102 37.588817
55.8022038 37.4044084
55.7437858 37.6571389
55.684665 37.554439
55.7122095 37.488412
55.8334059 37.3476445
55.644333 37.676286
55.6709527 37.4477773
55.7642194 37.6345765
55.89796 37.5743846
55.8253978 37.5144435
55.7714589 37.6493831
55.726068 37.6310861
55.7683861 37.8327349
55.7470284 37.6076015
55.7424901 37.4814318
55.595532 37.342095
55.8628043 37.6196017
55.7617626 37.6566134
55.7380514 37.5103157
55.7531473 37.6673644
55.7243362 37.4105316
55.7685308 37.6671592
55.5750691 37.6465947
55.6512955 37.7455772
55.7886055 37.7855836
55.705939 37.646597
55.634144 37.441014
55.7152487 37.5089675
55.8868864 37.5511166
55.6812792 37.7649525
55.9763299 37.1787885
55.7395014 37.6307448
55.881747 37.587712
55.7813314 37.513794
55.760387 37.5789513
55.7477851 37.677963
55.7703616 37.6247165
55.8480698 37.361351
55.7320631 37.5641809
55.649746 37.595303
55.6305235 37.4841793
55.6084278 37.5797083
55.8688386 37.6673504
55.863296 37.6482731
55.8767728 37.7121697
55.7644897 37.5561847
55.6110182 37.4888571
55.5114328 37.4190046
55.7632234 37.4060341
55.7458645 37.6024397
55.7351189 37.4058404
55.663811 37.484864
55.8082484 37.5327129
55.873111 37.5594228
55.7463037 37.8222496
55.8466029 37.4427828
55.7328377 37.6270101
55.6423846 37.7690027
55.8019777 37.5669443
55.7281221 37.5697583
55.7617799 37.5749768
55.6184132 37.6655217
55.657189 37.481909
55.7711815 37.5907049
55.66272 37.6476107
55.7754503 37.7099193
55.8117311 37.7294115
55.8655134 37.5563206
55.768732 37.6420368
55.864904 37.437379
55.7431754 37.5903899
55.761099 37.6163918
55.8235946 37.4458801
55.69386 37.72306
55.678707 37.634631
55.802761 37.526007
55.7961233 37.7893623
55.6110182 37.4888571
55.7482404 37.5408836
55.8710177 37.5202919
55.8701795 37.5723057
55.7497641 37.7844404
55.6189542 37.6991696
55.7743922 37.5843513
55.6720031 37.6315387
55.8976549 37.6137409
55.7314094 37.6115514
55.8290003 37.493285
55.801074 37.5871361
55.7478042 37.6066228
55.7647016 37.5802758
55.8572632 37.5586179
55.704783 37.645007
55.5704931 37.4754231
55.6066185 37.5915822
55.6945921 37.454166
55.6719715 37.8046339
55.8642041 37.4424697
55.7281687 37.6236354
55.6131285 37.7277376
55.7540471 37.620405
55.8449911 37.6391672
55.785043 37.613207
55.7713482 37.6039012
55.7816283 37.6045062
55.677477 37.5670957
55.5642519 37.4999242
55.8495447 37.4469416
55.7674522 37.6792588
55.6023535 37.7335765
55.6510979 37.7490731
55.7050295 37.6689355
55.7647394 37.4884516
55.8574284 37.5227099
55.661262 37.742842
55.754983 37.647675
55.6447164 37.5906693
55.8909778 37.6170739
55.699147 37.941568
55.5890347 37.3711269
55.7538147 37.6620608
55.721744 37.5729822
55.8467033 37.5396178
55.6871763 37.850855
55.6473187 37.7154991
55.7651365 37.5913757
55.7108033 37.4119869
55.6730048 37.6206649
55.7022483 37.592101
55.681047 37.551088
55.7728607 37.577218
55.7543649 37.6704785
55.778634 37.600352
55.7849054 37.4734565
55.7521897 37.5014364
55.849037 37.347063
55.776639 37.500899
55.643658 37.526232
55.7680124 37.4957156
55.7708162 37.6172911
55.870789 37.462334
55.7152537 37.6083079
55.7130258 37.5928582
55.7382724 37.5207244
55.6457997 37.6044849
55.803196 37.534237
55.6635754 37.7120483
55.7348792 37.5604097
55.66841 37.6486274
55.8484641 37.5199594
55.7439081 37.5617242
55.7454543 37.6263515
55.7927826 37.5647606
55.580197 37.587137
55.7797395 37.5909396
55.7204838 37.6107684
55.754994 37.7981238
55.75864 37.658958
55.7555057 37.6534321
55.818655 37.595168
55.6940102 37.4889253
55.7063098 37.7636939
55.7038472 37.6133693
55.646919 37.506783
55.828223 37.439607
55.7207258 37.7145794
55.5086668 37.5632926
55.49929 37.521309
55.8443097 37.4902915
55.5516502 37.5281676
55.717776 37.792411
55.699046 37.424983
55.679926 37.550004
55.6743559 37.7532147
55.7541123 37.749813
55.7260239 37.5779893
55.8639421 37.6772769
55.682803 37.617941
55.7540471 37.620405
55.7586087 37.771032
55.6159906 37.7031911
55.7952561 37.7740592
55.7641774 37.7263403
55.7245441 37.4161266
55.8073729 37.5840408
55.8115104 37.7166068
55.7540471 37.620405
55.7784871 37.5859327
55.63744 37.660551
55.6075516 37.3361657
55.7131816 37.7617201
55.8789203 37.4926804
55.8128784 37.7205916
55.7305457 37.6260525
55.7680274 37.5828131
55.7741854 37.6319568
55.5519944 37.5572033
55.6287291 37.4610617
55.7766343 37.7055742
55.648931 37.743471
55.6784867 37.4437958
55.7135727 37.6958292
55.7296127 37.608399
55.7617468 37.6174056
55.7994796 37.5848103
55.58381 37.603954
55.6020221 37.3532056
55.5685357 37.5718976
55.7227104 37.8039758
55.7911105 37.5937574
55.80301 37.560085
55.8059147 37.585319
55.612111 37.611886
55.8349055 37.5216848
55.8789772 37.7294417
55.696458 37.570492
55.5672125 37.4729981
55.7827915 37.4512959
55.7259844 37.7561833
55.7615581 37.5739587
55.7181766 37.6082975
55.7404861 37.6856414
55.6700916 37.4504054
55.7461593 37.6594579
55.747293 37.5149413
55.5674771 37.490175
55.8742971 37.6880956
55.8308907 37.3595929
55.7278657 37.5848149
55.8179656 37.5033647
55.7668319 37.571416
55.7778706 37.6943384
55.8613171 37.5629899
55.6811759 37.8522794
56.0126071 37.1967458
55.7588012 37.682281
55.7722422 37.5738725
55.6403982 37.3660953
55.7308297 37.5876622
55.8860922 37.6721509
55.7947052 37.7098679
55.7424699 37.5829977
55.771687 37.6191027
55.555596 37.557188
55.513983 37.575783
55.775307 37.527238
55.8042816 37.5820215
55.7577212 37.6331107
55.7292638 37.686211
55.473163 37.542572
55.7237981 37.56907
55.6188197 37.653953
55.983388 37.152308
55.4846387 37.3067639
55.58639 37.59992
55.8325722 37.4703132
55.7816906 37.5905158
55.7706001 37.624058
55.6716888 37.5154882
55.7959596 37.6087703
55.639568 37.41467
55.7298874 37.6686096
55.7355885 37.5916399
55.7301163 37.5891633
55.7733158 37.6823101
55.77756 37.477256
55.4723897 37.3038493
55.7634379 37.6360688
55.6572848 37.3344358
55.7754415 37.5921696
55.7816122 37.5560082
55.6837496 37.6290316
55.800484 37.797801
55.7100229 37.470765
55.792139 37.603433
55.7674523 37.6297502
55.9924273 37.1853156
55.7653218 37.653795
55.7595976 37.5979373
55.5941475 37.5980245
55.6211891 37.7381307
55.7725356 37.6184378
55.774973 37.6223846
55.827596 37.491835
55.758613 37.6527142
55.8063625 37.5825927
55.7830433 37.632731
55.543419 37.482277
55.6319846 37.5195586
55.7946666 37.6987654
55.8635719 37.4943882
55.5484258 37.5375908
55.7631352 37.6336821
55.5355238 37.1455392
55.7312811 37.7537641
55.7646541 37.5690386
55.8867008 37.6789596
55.846305 37.371416
55.8485099 37.454276
55.578157 37.591
55.5402 37.183884
55.7838916 37.7346972
55.6388408 37.7553583
55.7095184 37.4423643
55.413591 37.188232
55.598314 37.727769
55.771626 37.680374
55.7912705 37.6327017
55.866329 37.400728
55.622827 37.506253
55.5999032 37.3547548
55.727563 37.5865006
55.7486212 37.4241431
55.8753782 37.4852989
55.815911 37.5900661
55.703261 37.947838
55.7557052 37.6179862
55.7428716 37.8359032
55.7784793 37.639328
55.7475165 37.6097406
55.543659 37.478837
55.829087 37.405238
55.7814705 37.5610335
55.8686098 37.5803562
55.721965 37.542599
55.775421 37.545998
55.7406926 37.5382992
55.7518262 37.6667169
55.8636464 37.5669503
55.7107641 37.6103598
55.6544314 37.6071447
55.66434 37.617689
55.7290428 37.7094984
55.7663597 37.5905324
55.7547505 37.6609993
55.59633 37.342562
55.732235 37.456873
55.701587 37.946598
55.7523085 37.7724421
55.5979954 37.3467548
55.8595236 37.4973565
55.6741807 37.6615937
55.5430873 37.5317553
55.789229 37.789142
55.7254714 37.6230959
55.7416704 37.577622
55.8605411 37.4890006
55.8083192 37.7992554
55.7629155 37.564579
55.8503886 37.3508899
55.755495 37.5449799
55.621236 37.265298
55.6327198 37.7471214
55.8103049 37.5987285
55.8801528 37.7162101
55.7525634 37.5975644
55.888422 37.527301
55.8072929 37.7787978
55.7885099 37.5069855
55.847311 37.628999
55.7087593 37.7514189
55.8182825 37.6309103
55.5393746 37.537189
55.7722533 37.67585
55.5870029 37.6013958
55.7264549 37.6149941
55.7880387 37.5935468
55.7912575 37.7630378
55.6110182 37.4888571
55.8274522 37.4782449
55.7743455 37.6779702
55.7888004 37.7813546
55.752732 37.6688625
55.7750061 37.5045137
55.54428 37.478917
55.798976 37.656433
55.699558 37.631101
55.7331603 37.6171133
55.837262 37.479277
55.762855 37.56812
55.652659 37.475513
55.7942502 37.7528316
55.488953 37.214947
55.6293065 37.308962
55.7681852 37.6791558
55.7581349 37.5722891
55.4774597 37.3130295
56.006512 37.202263
55.7359284 37.7060119
55.7662289 37.6305236
55.7480909 37.7142057
55.850095 37.572118
55.6707007 37.7907589
55.7191371 37.7147646
55.8560488 37.6504276
55.7347261 37.8542309
55.8235127 37.4487222
55.8639092 37.4007707
55.6378066 37.3369735
55.8461174 37.5811476
55.5899036 37.3687336
55.870036 37.66738
55.7503872 37.7899536
55.7091142 37.8928114
55.6839792 37.6767611
55.8071507 37.7850665
55.475817 37.544243
55.749831 37.8229554
55.623356 37.642851
55.7667784 37.6439662
55.6722261 37.543715
55.699862 37.939564
55.8006214 37.7347058
55.8452395 37.6845335
55.8818344 37.5992907
55.7225254 37.4115347
55.809222 37.5121835
55.7037389 37.686338
55.8183191 37.4653504
55.6473187 37.7154991
55.6594205 37.5271383
55.854062 37.497198
55.992729 37.256935
55.7155046 37.5736107
55.718628 37.78827
55.857457 37.4960246
55.7331789 37.5923134
55.7623724 37.4043051
55.6438512 37.4998619
55.7220593 37.6020484
55.759064 37.5488403
55.8497529 37.3570381
55.755765 37.5105229
55.4846387 37.3067639
55.762181 37.547531
55.7982442 37.6047191
55.970816 37.152191
55.7697705 37.6208337
55.4067493 37.2068804
55.8218496 37.8690036
55.7418714 37.5283921
55.7157869 37.6122285
55.763265 37.514994
55.8585609 37.568752
55.54428 37.478917
55.772308 37.498344
55.7917704 37.7331903
55.672742 37.500477
55.740768 37.6350317
55.7606501 37.6472494
55.7326151 37.6637271
55.6213709 37.6674908
55.8714151 37.6664692
55.9830982 37.1718886
55.808776 37.493228
55.7108872 37.389461
55.7219694 37.6842567
55.6608493 37.5729449
55.700162 37.572942
55.819494 37.636662
55.7623745 37.5519488
55.7634943 37.5993095
55.6279861 37.6675391
55.8159657 37.692768
55.8770447 37.5051667
55.6789666 37.603509
55.809687 37.460098
55.6986945 37.7793823
55.7321565 37.6356478
55.693648 37.6059057
55.6561294 37.614391
55.7927445 37.6684636
55.8613385 37.5003079
55.73856 37.71983
55.7361867 37.6661688
55.760079 37.8064081
55.658728 37.6131823
55.7837077 37.7163024
55.702583 37.93844
55.614948 37.713692
55.6225116 37.7459649
55.5685532 37.5776195
55.7949124 37.6993592
55.7583143 37.5296831
55.7540471 37.620405
55.7292073 37.6219517
55.7832436 37.5280279
55.8104123 37.5936365
55.7859505 37.5617974
55.7447215 37.6384598
55.7984172 37.7449403
55.8149313 37.6286736
55.7745622 37.5937644
55.656391 37.527357
55.7120381 37.6149189
55.7857702 37.5706016
55.7746419 37.5444787
55.706593 37.8032
55.7758335 37.5851887
55.7569973 37.5997942
55.8081107 37.7590645
55.7159658 37.7901384
55.66469 37.578262
55.5968378 37.5869692
55.7616067 37.5709184
55.7570915 37.7124567
55.678362 37.631757
55.6386184 37.628287
55.599326 37.460628
55.8349916 37.4083994
55.7689309 37.5869894
55.9878873 37.1820934
55.7030132 37.4708548
55.5454943 37.4938679
55.7281814 37.6589608
55.7143705 37.6064377
55.803174 37.7849248
55.7057632 37.6037488
55.7043778 37.6650528
55.55029 37.543389
55.6608086 37.6051056
55.7586817 37.6234416
55.3887341 37.422588
55.598155 37.7320849
55.7574882 37.6535629
55.8442955 37.3582489
55.7769641 37.6594372
55.793424 37.787866
55.7817914 37.6981506
55.792377 37.782844
55.7211094 37.6369273
55.73479 37.862392
55.7726069 37.7296593
55.7944241 37.7192997
55.8266766 37.5963734
55.795168 37.5939332
55.7723072 37.6980155
55.880999 37.6449043
55.62849 37.341287
55.7440948 37.7639601
55.7695277 37.4984135
55.8800182 37.4923085
55.729397 37.734524
55.860664 37.5191876
55.8677002 37.4736517
55.738769 37.618264
55.8795799 37.6654617
55.7180748 37.410182
55.987387 37.181225
55.7692892 37.7398159
55.7360278 37.5836527
55.8979952 37.565791
55.7109416 37.7596221
55.7598201 37.7641575
55.539699 37.1554407
55.8605184 37.6475539
55.7077215 37.5931012
55.6435403 37.7412708
55.802118 37.636895
55.8578894 37.3439741
55.764546 37.645007
55.6338035 37.6134626
55.6926623 37.606657
55.763802 37.683832
55.749891 37.414652
55.717391 37.5922089
55.6020254 37.6016283
55.6459403 37.7181244
55.662965 37.5822689
55.688215 37.8092226
55.55583 37.514077
55.6806881 37.7610447
55.8064007 37.7436921
55.7148756 37.7567368
55.7524739 37.605518
55.8741531 37.5523613
55.7218712 37.6503353
55.7904526 37.475305
55.7628208 37.5945904
55.7786426 37.6383775
55.702414 37.940427
55.707628 37.583877
55.7540471 37.620405
55.689537 37.557816
55.6933848 37.4176431
55.588696 37.3729344
55.427631 37.2734361
55.74979 37.6835
55.7405377 37.7187672
55.884041 37.5647643
55.8890467 37.5942716
55.757612 37.646291
55.7645307 37.5678377
55.7268703 37.4716246
55.7846164 37.5832594
55.7779009 37.6011677
55.599982 37.645267
55.747692 37.588359
55.7835227 37.7339239
55.7732212 37.6797557
55.7701728 37.3465466
55.7178043 37.8576848
55.8414292 37.4896672
55.5333006 37.4507846
55.7686663 37.6382574
55.8433503 37.5260243
55.7418055 37.6006181
55.7599915 37.6482621
55.8070431 37.4093761
55.7886383 37.6415545
55.7855682 37.7369299
55.6693678 37.6140077
55.911537 37.542617
55.7186172 37.5956601
55.762485 37.598887
55.7722302 37.6816967
55.7065393 37.7370857
55.7555377 37.5092312
55.7504362 37.5939462
55.7361608 37.6763337
55.5183451 37.3452058
55.7883805 37.4921976
55.7157521 37.662396
55.7837497 37.7131051
55.733579 37.712722
55.7047113 37.5884706
55.6332064 37.6034142
55.5726929 37.4857525
55.7924106 37.7064683
55.7433016 37.5629276
55.734282 37.6196564
55.6619989 37.4213317
55.8637867 37.5940782
55.882596 37.550055
55.7468542 37.4213395
55.7223064 37.5474881
55.6971129 37.7926788
55.7674151 37.5985038
55.8058572 37.4584329
55.8285911 37.5804544
55.726877 37.771732
55.5977425 37.6609911
55.8176166 37.6776068
55.7354015 37.6150139
55.821077 37.430462
55.790713 37.5420827
55.7587634 37.6538004
55.5732002 37.4770458
55.5506909 37.5561647
55.7054787 37.5370624
55.6366983 37.6710845
55.7328684 37.6232027
55.6734442 37.6153791
55.8851897 37.5058751
55.883748 37.585696
55.646889 37.562793
55.7550962 37.6673516
55.624669 37.6758156
55.7335744 37.4101804
55.7897337 37.3991568
55.7378012 37.6165671
55.7284217 37.552328
55.7821303 37.5812598
55.912804 37.57157
55.7689959 37.6459555
55.583871 37.595662
55.591761 37.3730916
55.6809794 37.5817883
55.9409673 37.5291861
55.808295 37.586796
55.802544 37.582565
55.8101856 37.5779136
55.7148182 37.7181207
55.6345675 37.605581
55.7671829 37.6645538
55.8332153 37.6568359
55.7641886 37.5935519
55.8791285 37.6108825
55.7293232 37.6454389
55.7844992 37.7338824
55.5529427 37.4649624
55.523682 37.511814
55.7583013 37.5031489
55.5734265 37.581273
55.6795772 37.4460131
55.8139404 37.661212
55.7357545 37.6817912
55.7458192 37.7884033
55.640325 37.639572
55.8368454 37.5183509
55.503915 37.328701
55.7540471 37.620405
55.6071484 37.4589417
55.797493 37.534523
55.730867 37.638773
55.793541 37.803281
55.900264 37.51838
55.8825015 37.6366422
55.7600837 37.8365863
55.4282397 37.2748516
55.7366419 37.7184863
55.7703699 37.7389454
55.7288864 37.6448627
55.8116692 37.7183006
55.657298 37.730623
55.596854 37.470087
55.8352805 37.5256956
55.667747 37.775299
55.7949438 37.7404863
55.7173352 37.5035335
55.8701103 37.7123145
55.8064601 37.5849954
55.852252 37.4211591
55.6037524 37.7313118
55.951149 37.345904
55.4913072 37.5549584
55.7540471 37.620405
55.7449086 37.8021576
55.6681082 37.7716965
55.7354765 37.58489
55.7441535 37.8538791
55.713126 37.513071
55.562936 37.5820886
55.7486811 37.5868357
55.315437 37.177533
55.564511 37.487038
55.6366193 37.6536749
55.5702013 37.5756142
55.7887978 37.3838807
55.7674947 37.6586552
55.8017883 37.7152115
55.8878893 37.5513511
55.6835715 37.698271
55.756617 37.6757507
55.7500249 37.5036977
55.646939 37.475153
55.7758753 37.5316399
55.6610324 37.7604363
55.668249 37.493892
55.7401982 37.5274106
55.4846387 37.3067639
55.7916965 37.7838531
55.8862066 37.7016
55.6148663 37.7197852
55.7935802 37.7183764
55.7390857 37.6292435
55.873188 37.603864
55.7586665 37.6296401
55.7650097 37.5575206
55.6993836 37.5060758
55.7865787 37.5863073
55.7434746 37.4131248
55.6926172 37.4949442
55.8070493 37.5459108
55.726548 37.5630332
55.6777703 37.7169469
55.772555 37.5691548
55.8423759 37.4862604
55.6702803 37.6104123
55.5679642 37.4777815
55.600893 37.724077
55.7929346 37.4084305
55.7706763 37.3973843
55.4655858 36.9403546
55.7632649 37.5911102
55.7529154 37.6125906
55.8191021 37.396837
55.9656371 37.1612534
55.7455891 37.6768987
55.753151 37.5850554
55.476398 37.54498
55.786551 37.501771
55.7687072 37.6392718
55.7876089 37.5937289
55.7965094 37.5799459
55.7435303 37.5871487
55.6631209 37.5655776
55.7792716 37.6987487
55.8042779 37.6165562
55.8201117 37.5632925
55.7781315 37.6830453
55.7343632 37.6383713
55.7524122 37.7056144
55.7540471 37.620405
55.7167827 37.7621301
55.6576157 37.7597282
55.780304 37.696373
55.8619112 37.6877544
55.6578658 37.3983061
55.8424999 37.3792172
55.7830618 37.5805841
55.6947219 37.8099744
55.7843639 37.6586447
55.8159045 37.5702026
55.5210518 37.2178532
55.7540471 37.620405
55.7602928 37.6919714
55.750515 37.414742
55.6532655 37.7252371
55.5168175 37.3355669
55.7562771 37.5620591
55.8070795 37.3914634
55.7606165 37.5967
55.6720185 37.6651145
55.7848165 37.7176087
55.872329 37.550037
55.7220405 37.4152359
55.7394937 37.6517016
55.7591194 37.638941
55.7707238 37.6286535
55.7942502 37.7528316
55.7930207 37.5916858
55.7677575 37.6787668
55.81671 37.502137
55.770709 37.344502
55.7625933 37.6797072
55.65834 37.510983
55.793564 37.580215
55.7719184 37.4927208
55.7986652 37.8185817
55.7495306 37.7747441
55.6880425 37.615617
55.8157013 37.5219372
55.7651703 37.6341051
55.6733761 37.5773739
55.3028434 37.2117233
55.7636586 37.6575266
55.884868 37.545141
55.7603454 37.5862418
55.7193042 37.5878646
55.9730692 37.1722135
55.8905545 37.5254927
55.7164594 37.7174173
55.7636522 37.5906155
55.874339 37.519306
55.6456945 37.6736207
55.668945 37.467374
55.7839209 37.7175213
55.7756987 37.6860945
55.744333 37.70364
55.7572972 37.5118844
55.762568 37.6444217
55.6647433 37.5125328
55.6277391 37.6781747
55.9961633 37.2169809
55.9641191 37.1518069
55.8707547 37.6776459
55.7714979 37.595995
55.8498236 37.6162014
55.688553 37.547405
55.6931889 37.4907755
55.7961416 37.5818833
55.8463979 37.6495842
55.692364 37.659488
55.8794703 37.709021
55.6793842 37.5461715
55.720792 37.7106986
55.8189485 37.7152904
55.7175091 37.6186693
55.7654076 37.6114669
55.6045862 37.6587932
55.76249 37.6060859
55.540949 37.486544
55.840762 37.3583636
55.6983338 37.7411199
55.7326725 37.417459
55.7057117 37.4770019
55.7589749 37.5887225
55.6386263 37.699722
55.8098394 37.5062841
55.8565864 37.4286186
55.7145772 37.4363961
55.596503 37.343963
55.319012 37.1532581
55.682498 37.613036
55.7320896 37.4715772
55.7033777 37.6746286
55.8511885 37.6745816
55.7046148 37.4768009
55.7076672 37.715361
55.7575412 37.6515937
55.8514959 37.6405639
55.8680325 37.6168624
55.6766715 37.7685924
55.6991205 37.558241
55.8013525 37.7785551
55.6851798 37.3505243
55.7621682 37.5365317
55.8265976 37.5976784
55.7925742 37.7314384
55.7428242 37.6297369
55.78525 37.560404
55.747859 37.6545366
55.5909806 37.3690579
55.991576 37.210636
55.7042907 37.9357419
55.7624146 37.5675785
55.737892 37.8479
55.770826 37.346057
55.6458716 37.6597908
55.7385097 37.5873696
55.6976174 37.786705
55.543267 37.490146
55.7827538 37.4572855
55.8231388 37.8259487
55.8129975 37.5925213
55.896057 37.619698
55.7430533 37.6609852
55.5838 37.591288
55.7435972 37.391921
55.7591474 37.6309773
55.8088029 37.5109975
55.8653734 37.4935877
55.7024272 37.7362607
55.599153 37.463152
55.8135781 37.3869437
55.715763 37.665174
55.807461 37.448465
55.7627158 37.594888
55.6829598 37.5948891
55.7451088 37.6648878
55.7255604 37.6733965
55.8015854 37.4142649
55.7592451 37.7586721
55.798429 37.788737
55.644375 37.520607
55.7997849 37.5244
55.7152224 37.4800953
55.6086653 37.734416
55.7738836 37.6797553
55.81605 37.5095389
55.7620743 37.5820848
55.4846387 37.3067639
55.6581589 37.7530688
55.7416971 37.5825664
55.7101018 37.6471753
55.7988242 37.6817328
55.7730652 37.6009747
55.8029859 37.5395941
55.7456826 37.6656742
55.591533 37.455714
55.692546 37.619082
55.4303914 36.8684984
55.6536638 37.6165671
55.76435 37.5998303
55.863899 37.463341
55.5690463 37.5653162
55.7656379 37.6130529
55.7857133 37.5091064
55.7426748 37.6595636
55.7328348 37.5632689
55.6128345 37.6151924
55.5416893 37.5147771
55.7042676 37.7911627
55.5685357 37.5718976
55.593924 37.447737
55.7305283 37.6255062
55.7817903 37.6006802
55.6688001 37.5658492
55.7346533 37.8318827
55.7090885 37.6265143
55.7355965 37.6572538
55.7557482 37.567961
55.634725 37.321874
55.7636675 37.6074222
55.7590867 37.5987585
55.7008658 37.7081864
55.864677 37.436454
55.7428695 37.4176386
55.7431562 37.8638125
55.7214663 37.6263759
55.660653 37.732979
55.7704287 37.604706
55.6303088 37.6589355
55.7828988 37.7254735
55.2628834 37.1045316
55.6641543 37.5211159
55.7984142 37.7269838
55.8023343 37.8226697
55.5262172 37.4472816
55.6614896 37.7617392
55.5864876 37.6481411
55.6757857 37.6647249
55.6779598 37.6576685
55.5047188 37.5913196
55.7164828 37.4748611
55.7424699 37.5829977
55.6362732 37.7633807
55.717822 37.78527
55.7291525 37.6307738
55.7168313 37.7468142
55.7540471 37.620405
55.7390118 37.7064066
55.7646732 37.6592226
55.6204025 37.6577767
55.616112 37.409585
55.677539 37.634398
55.7540471 37.620405
55.868233 37.5593072
55.8223201 37.5169259
55.895525 37.390128
55.6998555 37.93293
55.8180309 37.5916646
55.6721621 37.8052875
55.602703 37.631999
55.765255 37.5843631
55.7681525 37.6733603
55.7363504 37.3969344
55.7540471 37.620405
55.7145772 37.4363961
55.6844437 37.3416877
55.77152 37.518605
55.8855993 37.3947408
55.5958372 37.6449011
55.7435859 37.5488592
55.6053233 37.5307216
55.7712622 37.6582109
55.7486257 37.7799522
55.711863 37.388852
55.810233 37.787821
55.6081209 37.3324981
55.7661956 37.6265475
55.829511 37.4132827
55.7540471 37.620405
55.7935614 37.6152488
55.7977588 37.7979996
55.6369641 37.7711402
55.7840572 37.5900746
55.644227 37.38878
55.7898565 37.6085207
55.8323716 37.6203388
55.618182 37.5103697
55.7530623 37.585754
55.8720036 37.5621566
55.8373363 37.6330835
55.7165134 37.645851
55.7026984 37.8216396
55.6913791 37.5747771
55.7662354 37.6442594
55.4541866 37.2888126
55.7697654 37.6328155
55.784096 37.730464
55.734184 37.670724
55.6382682 37.5395413
55.7691076 37.5883137
55.8993791 37.5296394
55.7316564 37.64105
55.8171602 37.6496183
55.793554 37.5905156
55.784212 37.562667
55.677585 37.499103
55.8301771 37.5178319
55.833088 37.426537
55.7359998 37.5901772
55.7634317 37.650633
55.7419462 37.6718539
55.7540471 37.620405
55.6207846 37.7179794
55.6628534 37.7774927
55.7469139 37.6794654
55.858155 37.581586
55.7164982 37.4091169
55.6468187 37.3208453
55.8547109 37.4061172
55.7850206 37.6973765
55.7765698 37.6794728
55.631867 37.3259961
55.7522255 37.7244263
55.799052 37.482124
55.691734 37.660548
55.7540471 37.620405
55.8088312 37.4976837
55.7273602 37.6378033
55.6515878 37.527981
55.6362916 37.6571878
55.5474451 37.5652248
55.8605586 37.4450081
55.7423921 37.556936
55.555184 37.554008
55.9974022 37.2113684
55.7569699 37.4090429
55.862631 37.540874
55.7377907 37.470279
55.8080712 37.5705112
55.7736927 37.4654319
55.7288041 37.6238428
55.7727715 37.6795307
55.7403352 37.8255325
55.7122794 37.6540387
55.785782 37.498761
55.781124 37.593039
55.755925 37.681973
55.7779877 37.5153499
55.8704323 37.4860162
55.7551138 37.6317969
55.7625426 37.6134932
55.6954432 37.5740634
55.7435902 37.6337652
55.717915 37.5252522
55.6449502 37.5997655
55.7365084 37.61773
55.581284 37.6764051
55.8100394 37.5216186
55.760222 37.6489517
55.7641721 37.6487957
55.6328471 37.7420495
55.8653813 37.6676998
55.6319285 37.313154
55.6138202 37.3204816
56.0071566 37.1567326
55.6878764 37.5467114
55.8067336 37.4112665
55.8554301 37.6522165
55.7304908 37.6114729
55.8272112 37.6281347
55.803899 37.776889
55.7395344 37.7721273
55.5121969 37.3529856
55.7695582 37.5592361
55.701633 37.576798
55.7782785 37.5175561
55.749501 37.5908306
55.7296301 37.6330371
55.763057 37.508894
55.6769802 37.5780583
55.6179714 37.542943
55.680585 37.470087
55.8069208 37.5835504
55.85822 37.483463
55.7450761 37.6479278
55.3194676 37.1611833
55.5781845 37.482718
55.7126136 37.8163449
55.5113563 37.2884028
55.710812 37.6191774
55.7738917 37.5210213
55.781372 37.576268
55.9891637 37.1545907
55.7056498 37.7594177
55.6223566 37.7016467
55.9225019 37.5426344
55.7589874 37.5545191
55.7073368 37.6736417
55.7525796 37.5983871
55.768167 37.609002
55.7540471 37.620405
55.6798547 37.8567834
55.5398571 37.5117335
55.8937294 37.6146849
55.8175427 37.6485641
55.762571 37.5686719
55.5474731 37.5561717
55.8049742 37.5681078
55.642377 37.408247
55.684036 37.631703
55.827545 37.64242
56.0066271 37.1577129
55.7540471 37.620405
55.756736 37.674669
55.7540471 37.620405
55.524355 37.513961
55.6049507 37.3350389
55.7458577 37.5820715
55.741417 37.622322
55.7309836 37.6115866
55.7745085 37.5581361
55.6806327 37.7645584
55.6054797 37.750168
55.771496 37.6799204
55.6608831 37.3933497
55.4999155 37.5562437
55.7812494 37.4662652
55.8390263 37.4856181
55.7915465 37.6227261
55.6963549 37.4851789
55.6700916 37.4504054
55.649028 37.3432161
55.7355195 37.4677753
55.718872 37.499893
55.883609 37.6049059
55.544214 37.485224
55.7815822 37.7060661
55.6108449 37.7127929
55.7160631 37.891518
55.7252819 37.5254027
55.796696 37.5373261
55.7297917 37.5123793
55.8744856 37.6429499
55.7862691 37.5700518
55.7109848 37.6859038
55.565743 37.492221
55.5329871 37.4499938
55.7838328 37.5885561
55.555072 37.557412
55.6738669 37.7177847
55.733604 37.626043
55.5786317 37.6663531
55.9058281 37.5520174
55.6200507 37.2742941
55.6220675 37.4343942
55.7493726 37.6964703
55.7528816 37.7796642
55.6146896 37.3054895
55.854688 37.6452395
55.7234486 37.8252709
55.7604097 37.6621923
55.6949919 37.6628125
55.6649941 37.7854489
55.8044244 37.5802579
55.8818369 37.6530914
55.846674 37.567267
55.7782215 37.5199661
55.7412471 37.6281962
55.642774 37.327093
55.778693 37.5460969
55.7469972 37.4966677
55.786911 37.6736284
55.830356 37.408669
55.4690725 37.2891021
55.743639 37.429187
55.6152895 37.5918478
55.882364 37.6032724
55.6111267 37.3266992
55.7409013 37.6274621
55.8459841 37.5550811
55.728368 37.745295
55.7596874 37.8089158
55.7817903 37.6006802
55.812368 37.637937
55.5999438 37.3585334
55.630604 37.617294
55.978004 37.149532
55.765028 37.6555212
55.9766154 37.1604045
55.7540471 37.620405
55.6496383 37.5519289
55.850328 37.3651996
55.6769878 37.4980414
55.6431939 37.7682792
55.7402886 37.6369577
55.4848144 37.3055591
55.8416901 37.3827659
55.773611 37.65567
55.7683112 37.8345193
55.6879225 37.725831
55.8252059 37.5153685
55.7694332 37.6491987
55.7318087 37.4739125
55.6693722 37.4743019
55.8203535 37.7586217
55.7540471 37.620405
55.7443073 37.588271
56.0131986 37.2011669
55.8824738 37.7203647
55.4717658 37.3087607
55.636894 37.6565784
55.7815287 37.6083965
55.7193042 37.5878646
55.8026578 37.7943913
55.7668281 37.5733505
55.7726888 37.5992542
55.4795961 37.1503309
55.6425264 37.6129106
55.708663 37.590255
55.5111491 37.5693722
55.7407595 37.6229292
55.7044567 37.443623
55.6698067 37.7324483
55.874622 37.587847
55.781261 37.579484
55.7580135 37.5914521
55.754994 37.7981238
55.8200153 37.872377
55.7119587 37.6339619
55.8685847 37.4970312
55.7778279 37.6286943
55.706056 37.638979
55.7540471 37.620405
55.826498 37.573357
55.7604618 37.6136759
55.6025579 37.7152781
55.7399043 37.6431459
55.812352 37.652131
55.550322 37.3271685
55.808306 37.5008
55.555184 37.554008
55.6816521 37.7234433
55.8639421 37.6772769
55.8618645 37.6135896
55.710699 37.6883522
55.875842 37.6694061
55.8976142 37.5931192
55.6672681 37.5696212
55.7969661 37.6003943
55.826915 37.425932
55.7372982 37.6752356
55.7784337 37.7278791
55.723541 37.561967
55.7588929 37.6093125
55.6222148 37.4751428
55.8022201 37.6377069
55.941007 37.3656572
55.7653003 37.833358
55.7195511 37.4450219
55.7288324 37.7622848
55.664091 37.546255
55.7473042 37.6737817
55.4900848 37.5011448
55.6831699 37.661051
55.6860443 37.8498012
55.8825613 37.4897594
55.7275142 37.6244362
55.7863221 37.583763
55.7120829 37.6577248
55.9813843 37.1610772
55.6106041 37.3283756
55.7312241 37.6348988
55.5436526 37.5319834
55.7741822 37.7483144
55.7606991 37.7517211
55.7395319 37.6648013
55.6557623 37.7523802
55.8435375 37.5796227
55.8466623 37.43608
55.5711763 37.5730286
55.6947681 37.5681258
55.71408 37.512982
55.7928637 37.6335795
55.8015219 37.7195304
55.87616 37.5887306
55.6345716 37.6139025
55.582523 37.6211102
55.8769527 37.5233377
55.7929142 37.4936769
55.4846387 37.3067639
55.542126 37.497638
55.5767866 37.6734671
55.4940407 37.3259304
55.6922922 37.5765879
55.78646 37.560484
55.8750125 37.7076746
55.5425448 37.5583989
55.6545429 37.5405211
55.844716 37.3505767
55.7697408 37.6480801
55.862459 37.362639
55.7462919 37.7867885
55.654518 37.618704
55.8972855 37.5848795
55.8634871 37.683981
55.6848091 37.8477125
55.8383529 37.483171
55.8208475 37.6462764
55.752957 37.582082
55.535809 37.581514
55.6648511 37.7836167
55.7556388 37.6374675
55.7922449 37.7632009
55.8967247 37.3966923
55.6769576 37.4272504
55.8604452 37.56728
55.8169025 37.5679439
55.578895 37.6091377
55.6202844 37.7579714
55.7189749 37.4150455
55.8691551 37.4692935
55.603791 37.604241
55.7612308 37.6240115
55.6457151 37.5585748
55.5171607 37.3536007
55.7919197 37.8217095
55.6508355 37.5973206
55.6459254 37.4770618
55.6861533 37.5357944
55.8909003 37.6085648
55.8251735 37.5643421
55.533219 37.5258376
55.702957 37.928219
55.8314161 37.4913676
55.9062678 37.5482382
55.7819026 37.6005131
55.8852048 37.5534397
55.6140639 37.6026606
55.5792913 37.118039
55.8054577 37.7809232
55.6407781 37.5956049
55.6668833 37.5337245
55.6353737 37.7645183
55.8342012 37.4542634
55.8168026 37.647351
55.8309947 37.4283906
55.879394 37.547252
55.991893 37.21439
55.6893418 37.8601769
55.6919864 37.8495039
55.6212728 37.7286104
55.7811428 37.7174548
55.757355 37.6014102
55.4477562 37.5250412
55.7412768 37.6233037
55.7110781 37.630263
55.6736422 37.7530117
55.7581717 37.5470574
55.7493526 37.7861789
55.6434847 37.4090735
55.7159088 37.7510189
55.419483 37.4122
55.7750449 37.6729477
55.5505333 37.5581098
55.749902 37.516719
55.7690184 37.6250032
55.7615993 37.5482269
55.763902 37.6218799
55.7947014 37.5748694
55.7392594 37.6307956
55.7362195 37.6496019
55.7943541 37.7138733
55.7081284 37.5456196
55.893314 37.385609
55.6482084 37.7483233
55.634144 37.441014
55.5337392 37.5288901
55.652985 37.3957112
55.7704726 37.6477812
55.7805045 37.6007814
55.787 37.6744457
55.7572788 37.6465249
55.6459505 37.4147095
55.8562037 37.5674527
55.7998008 37.5752189
55.7706747 37.4680655
55.7283799 37.5728956
55.6666346 37.5771511
55.734604 37.832767
55.51566 37.35433
55.7333617 37.6571144
55.8161261 37.6271589
55.81601 37.597414
55.8498588 37.5273793
55.7891839 37.59969
55.8264111 37.5708204
55.6640643 37.6436366
55.6048786 37.7219545
55.5693079 37.5759589
55.7163515 37.6337693
55.6821976 37.6783317
55.7833218 37.6043581
55.7819827 37.6389843
55.8492016 37.3756818
55.7655382 37.6707688
55.875566 37.7277084
55.7732932 37.6219102
55.7458716 37.6669163
55.7768191 37.5814818
55.7746419 37.5444787
55.7724277 37.5975224
55.7571117 37.6284179
55.587714 37.6712762
55.7472176 37.7551467
55.7631096 37.5897795
55.8079059 37.5793844
55.8045513 37.4249273
55.7492179 37.6079706
55.7697408 37.6480801
55.8658018 37.6740283
55.7707642 37.650329
57.9665013 49.1074792
55.862502 37.6458017
55.7963562 37.7327083
55.7811493 37.7407032
55.6965178 37.5796566
55.7157869 37.6122285
55.7303397 37.5792768
55.8748419 37.5353096
55.781982 37.71559
55.8077159 37.3873945
55.7053942 37.5948962
55.7384723 37.6665629
55.6516733 37.6061093
55.810772 37.518038
55.800615 37.796184
55.839982 37.5685648
55.7529579 37.6646153
55.7280284 37.6307925
55.8043908 37.5903268
55.8308181 37.6276273
55.8045513 37.4225006
55.7058884 37.4063217
55.6097042 37.5902477
55.7184993 37.571742
55.7730846 37.5972338
55.612111 37.611886
55.667696 37.465164
55.7778645 37.670309
55.4701404 37.2902454
55.6848044 37.4897597
55.7038307 37.5011914
55.7906143 37.6681094
55.7626469 37.6370257
55.8500149 37.6324607
55.7159444 37.3894889
55.7408375 37.7885543
55.8042581 37.4827341
55.767627 37.5003435
55.762055 37.6808487
55.6777895 37.747424
55.9806614 37.1717104
55.7070157 37.5727786
55.7566134 37.6387841
55.720154 37.599983
55.7520027 37.6622282
55.7655766 37.6798927
55.6966161 37.4994873
55.7628858 37.5974002
55.843085 37.568677
55.8636968 37.6292759
55.8747373 37.5126347
55.6419633 37.6780253
55.6644199 37.5332501
55.715814 37.811716
55.8354058 37.5354837
55.645984 37.673151
55.8479664 37.4229766
55.8833726 37.7226189
55.6360799 37.3917741
55.713015 37.5010256
55.6487312 37.4830312
55.7988881 37.6310048
55.7073252 37.6663435
55.6017195 37.4827397
55.7708162 37.6172911
55.873966 37.59922
55.7540471 37.620405
55.7276385 37.6331287
55.7515053 37.5353676
55.6451617 37.4878142
55.749532 37.725891
55.675341 37.532017
55.7962125 37.7988817
55.8690782 37.5553018
55.9946554 37.1699593
55.7857174 37.5352476
55.7276728 37.66481
55.8211184 37.8702145
55.7660274 37.6142322
55.7468273 37.6631849
55.7316548 37.5648737
55.6527151 37.7341501
55.8856372 37.492365
55.7540471 37.620405
55.8565038 37.5955682
55.695362 37.622324
55.728773 37.571318
55.7867405 37.6298463
55.7390919 37.6575399
55.717776 37.786563
55.73235 37.4466554
55.6869254 37.5450358
55.7394431 37.5276217
55.6346423 37.634969
55.637396 37.3667646
55.7532572 37.7967103
55.8308434 37.5247351
55.8556553 37.4199632
55.570075 37.449282
55.681712 37.516449
55.7272267 37.4698186
55.8141476 37.6262261
55.8308907 37.3595929
55.7428695 37.5244978
55.7463324 37.7045256
55.7293803 37.7545867
55.8073992 37.5216101
55.6942793 37.4877334
55.7679649 37.834817
55.7034342 37.9465525
55.7942619 37.4630215
55.8889714 37.5150943
55.756376 37.508975
55.532341 37.4506359
55.6870786 37.5319216
55.6568976 37.6851244
55.794158 37.803946
55.8083183 37.6549955
55.793322 37.3888995
55.8501117 37.4114631
55.772712 37.8212302
55.7683459 37.5932702
55.640381 37.639231
55.7989579 37.7729167
55.6832069 37.4919249
55.900658 37.539635
55.869117 37.473959
55.8317445 37.6253352
55.7676844 37.6772176
55.7098512 37.4384983
55.7567888 37.6211461
55.589977 37.601196
55.592637 37.461122
55.7641059 37.7034178
55.7772877 37.668341
55.6833611 37.8437381
55.659201 37.746472
55.7574011 37.8204674
55.7649381 37.5877218
55.646228 37.705841
55.7351094 37.63054
55.540266 37.458732
55.5507864 37.5323341
55.7437338 37.555168
55.7062046 37.9333119
55.7078911 37.6067215
55.6887139 37.5844826
55.699828 37.9209009
55.763879 37.5709084
55.7651207 37.6648308
55.7562798 37.697548
55.744774 37.5991749
55.5514602 37.3307595
55.7600977 37.631819
55.7187819 37.6065566
55.8224063 37.6484185
55.7540471 37.620405
55.6321022 37.7553449
55.7704165 37.6258191
55.5627388 37.5575744
55.7940675 37.7702352
55.8259378 37.5981316
55.7698796 37.6373678
55.7519021 37.6457625
55.633805 37.416952
55.637195 37.665668
55.6540572 37.6489687
55.8730121 37.4927046
55.8008928 37.7053685
55.5631916 37.597035
55.7207853 37.8025046
55.73939 37.6179713
55.814528 37.471506
55.6860823 37.8580047
55.7242262 37.5772681
55.7340917 37.6101211
55.7548025 37.6745421
55.7193486 37.4780229
55.7550588 37.6447212
55.7540471 37.620405
55.7230388 37.5754325
55.59114 37.60186
55.7594349 37.5989415
55.9064233 37.5605667
55.7170403 37.7900005
55.668574 37.449165
55.7309208 37.7027366
55.8083866 37.7604006
55.8522065 37.3456816
55.6889293 37.5498266
55.7140049 37.730011
55.7655986 37.6470127
55.7025915 37.7329464
55.6797514 37.7249729
55.8959798 37.6332929
55.7766547 37.6770819
55.8064297 37.4802659
55.7113419 37.8614917
55.699639 37.941783
55.7371123 37.3997581
55.8650928 37.4431242
55.7136346 37.6219374
55.7469386 37.758592
55.5943435 37.6056673
55.775225 37.5359352
55.736752 37.6561603
55.7147079 37.6598292
55.8070648 37.8187271
55.8117739 37.6898494
55.910922 37.539033
55.7053538 37.5814087
55.6760872 37.5262719
55.4472752 37.3006864
55.6084884 37.7463634
55.8505453 37.4152427
55.7911659 37.687335
55.8525201 37.5588511
55.7540471 37.620405
55.7441747 37.6265336
55.7594098 37.5788247
55.7031051 37.9354046
55.7394028 37.6478755
55.7946679 37.6037509
55.626048 37.5949017
55.6775135 37.7555762
55.7561059 37.5537203
55.8995919 37.5193732
55.6855376 37.4895128
55.6452046 37.7528265
55.7933368 37.5926988
55.8051183 37.4060423
55.6895445 37.6866738
55.6575175 37.7883503
55.591467 37.452651
55.7241851 37.5047409
55.8315998 37.5934275
55.860746 37.372431
55.6129024 37.7540549
55.731024 37.622271
55.7818307 37.6013969
55.7298874 37.6686096
55.61905 37.408085
55.888422 37.527301
55.7391892 37.85924
55.652419 37.5876285
55.8435 37.48048
55.519096 37.3495507
55.8744893 37.6465389
55.7040905 37.6259664
55.5908374 37.3670265
55.6205628 37.7356356
55.8302433 37.3565826
55.7744191 37.5205995
55.7293232 37.6454389
55.7761139 37.6391342
55.603604 37.3602445
55.8060229 37.5745246
55.8082628 37.7981165
55.8100682 37.6528428
55.714698 37.516485
55.6997298 37.6858564
55.656895 37.426123
55.6163201 37.3931422
55.7540471 37.620405
55.7324515 37.6354281
55.6584415 37.7574918
55.5421079 37.5734101
55.6762185 37.7702562
55.78161 37.632637
55.495251 37.513485
55.8945779 37.5900187
55.7663201 37.4308048
55.7855437 37.7611282
55.6735443 37.7806496
55.7303792 37.6189134
55.452603 37.2758817
55.706168 37.578801
55.6791138 37.6624594
55.7422391 37.6343025
55.6531056 37.5021625
55.662067 37.512545
55.7346 37.8555526
55.7451528 37.5816356
55.7390275 37.6330967
55.748704 37.6375014
55.6695206 37.765956
55.9366062 37.5526
55.7683493 37.6447728
55.761097 37.6226197
55.7016119 37.9340893
55.7835636 37.6928832
55.619132 37.594405
55.856124 37.555723
55.7536735 37.5844125
55.773064 37.665686
55.7821129 37.7359847
55.7662449 37.6151196
55.9003072 37.3991575
55.7722623 37.5317277
55.8523634 37.5363666
55.581525 37.591171
55.920825 37.555436
55.7505727 37.7103129
55.455576 37.289382
55.8917261 37.5525311
55.831939 37.490003
55.7054494 37.6748616
55.765195 37.5974815
55.614323 37.756584
55.7375972 37.5859976
55.7161598 37.765754
55.8071701 37.5377036
55.6278661 37.7432236
55.603385 37.208489
55.7052364 37.6631692
55.8558158 37.4978029
55.7763786 37.5861815
55.7827686 37.7179091
55.7648294 37.5905502
55.7327081 37.4720343
55.76564 37.5949478
55.9010358 37.5535153
55.655783 37.744576
55.8748556 37.7205297
55.5491473 37.5258344
55.870462 37.608015
55.7196474 37.8010137
55.624978 37.415494
55.5990854 37.5107933
55.6952164 37.5460013
55.5178461 37.3521074
55.7939824 37.4832366
55.6510686 37.5962351
55.7028361 37.8341051
55.7020127 37.747308
55.8514512 37.6762116
55.7866138 37.4937416
55.667158 37.491386
55.766547 37.577094
55.7634063 37.6052345
55.6582652 37.7330022
55.665964 37.769783
55.684264 37.697127
55.7486989 37.6170661
55.7972134 37.7945555
55.8389402 37.5386879
55.751713 37.6538724
55.7860857 37.7280319
55.6726657 37.6187024
55.6891811 37.6063187
55.745368 37.4948485
55.691882 37.624085
55.5876654 37.6528915
55.2372486 37.0376731
55.7635463 37.596553
55.7697251 37.6321591
55.7361215 37.4362736
55.776401 37.652202
55.498128 37.571507
55.7489176 37.7558191
55.741417 37.622322
55.6672668 37.7386783
55.788424 37.743929
55.637998 37.306827
55.779504 37.72414
55.8393315 37.3529359
55.7765809 37.6698449
55.7908198 37.8151816
55.8667281 37.5376488
55.7555945 37.4093774
55.7539949 37.6583642
55.8216935 37.751714
55.602312 37.415613
55.8983306 37.5677244
55.811563 37.604601
55.7592337 37.5566855
55.7623655 37.6038172
55.8790224 37.499062
55.568685 37.4898056
55.7179492 37.7933027
55.70041 37.927922
55.701891 37.576241
55.7044066 37.9209172
55.653756 37.577669
55.853347 37.4398216
55.8308907 37.3595929
55.7284957 37.6237013
55.825953 37.419755
55.6840771 37.7384078
55.5684451 37.445853
55.587733 37.603406
55.5608078 37.587193
55.6110182 37.4888571
55.7612073 37.575867
55.7850424 37.709978
55.7679886 37.5730608
55.7472864 37.7693718
55.70451 37.726467
55.7451572 37.8799757
55.7758075 37.6135969
55.7177462 37.6031225
55.6907825 37.4691546
55.7707718 37.6319777
55.7426166 37.7747572
55.6864004 37.6999713
55.7481241 37.6215697
55.7975596 37.5938544
55.8063583 37.4683541
55.7547005 37.6045846
55.7811228 37.6057693
55.544596 37.480525
55.7540471 37.620405
55.5102708 37.3699994
55.6018623 37.5884315
55.6233965 37.4399815
55.7333064 37.3891448
55.728221 37.763971
55.6888385 37.5809144
55.409717 37.186866
55.575409 37.473249
55.5231833 37.3506981
55.790944 37.475504
55.7817758 37.5818562
55.591599 37.42916
55.7441612 37.5108767
55.6577429 37.6235591
55.746938 37.5870077
55.8592579 37.3463901
55.8695821 37.5346257
55.625394 37.302578
55.7647322 37.6265885
55.6757248 37.7604031
55.798637 37.608993
55.567056 37.583472
55.7394583 37.8530273
55.8721952 37.6849004
55.8560775 37.6440951
55.7671007 37.5880828
55.7443616 37.4953352
55.7755028 37.6018215
55.8697121 37.7128684
55.809398 37.507107
55.792999 37.55257
55.7564097 37.6279829
55.985282 37.236058
55.763057 37.508894
55.9737654 37.1499677
55.6427372 37.7935874
55.6850243 37.5524833
55.6666346 37.5771511
55.7874188 37.5079481
55.7603844 37.6406606
55.608004 37.6160531
55.8913745 37.6474664
55.7487787 37.5775042
55.860994 37.542051
55.759749 37.6476477
55.8792499 37.5565466
55.765706 37.579277
55.7991371 37.7046917
55.724434 37.563817
55.8778983 37.6112339
55.6892203 37.7204732
55.857204 37.5682624
55.7275691 37.5339811
55.8925838 37.6413209
55.6716904 37.5698244
55.5704409 37.5607387
55.8157571 37.7563496
55.788566 37.489014
55.6609592 37.5557677
55.5010746 37.5953348
55.7608548 37.7933087
55.8928365 37.5776919
55.7853677 37.398606
55.643917 37.702616
55.7319989 37.5615183
55.991893 37.21439
55.7046225 37.8485881
55.7988903 37.7067063
55.8248618 37.4154209
55.7738839 37.628107
55.8264808 37.6543329
55.4248627 37.1087445
55.5891157 37.3744044
55.7423277 37.6580227
55.7211975 37.6982508
55.800357 37.712147
55.7397336 37.6599172
55.7639471 37.6848807
55.6221258 37.6693662
55.7418327 37.6307064
55.7236253 37.780052
55.8553572 37.6424978
55.686239 37.555562
55.7707217 37.6739728
55.643485 37.618596
55.876061 37.524345
55.6154933 37.6821597
55.8486327 37.4268551
55.7305156 37.6192095
55.7512969 37.5974235
55.633191 37.415398
55.7327137 37.6321494
55.7969661 37.6003943
55.7976577 37.728344
55.8807227 37.6554549
55.75864 37.658958
55.6769612 37.4740865
55.714556 37.804781
55.7926749 37.5116468
55.7834359 37.6721535
55.892846 37.6800151
55.557983 37.557316
55.6105554 37.6147344
55.723207 37.603945
55.6904207 37.5890369
55.5970093 37.5413897
55.6032336 37.413569
55.850914 37.617536
55.8021942 37.4840657
55.8596046 37.5442568
55.7190002 37.4612875
55.6352274 37.4736004
55.9030074 37.5324076
55.7091674 37.3813964
55.8477151 37.4875054
55.5006376 37.5761658
55.7834909 37.6703414
55.7612915 37.6611371
55.671689 37.630149
55.6817383 37.8439718
55.775715 37.5848239
55.7028834 37.7665648
55.6489484 37.4687938
55.515558 37.356953
55.8189896 37.5093974
55.86204 37.51441
55.7960403 37.7071021
55.7358535 37.58962
55.7334809 37.7091307
55.7361759 37.7618712
55.7369221 37.7461738
55.7800946 37.664818
55.756929 37.5982028
55.604778 37.657682
55.8072024 37.5414725
55.8652127 37.5408994
55.7817894 37.592936
55.623148 37.601475
55.834421 37.659596
55.7052193 37.8416259
55.7371568 37.6285094
55.6816406 37.6331932
55.7870271 37.6734532
55.702744 37.45752
55.6568514 37.7729965
55.7392408 37.6556583
55.8832612 37.5194974
55.6228044 37.6028291
55.999621 37.200745
55.5674982 37.493584
55.8889909 37.6445437
55.7382559 37.7162888
55.8245193 37.6130948
55.886539 37.543713
55.7373812 37.4265976
55.7881325 37.5868603
55.7714063 37.6152521
55.745027 37.510224
55.7230927 37.5822468
55.7373621 37.6354361
55.850287 37.615614
55.624174 37.311229
55.7944825 37.7372618
55.417999 37.4044199
55.8771517 37.632426
55.801771 37.4021604
55.7436975 37.6617564
55.7801918 37.6989549
55.7737964 37.5924445
55.7988372 37.389876
55.8470321 37.6877271
55.6613618 37.6277397
55.8425931 37.4893301
55.8744353 37.6277372
55.7812799 37.6004101
55.7279908 37.5799768
55.7690857 37.5572331
55.5881274 37.3716381
55.8035743 37.5334016
55.7422216 37.6606899
55.7540471 37.620405
55.7423935 37.4790411
55.8189098 37.7018453
55.839067 37.66839
55.5731615 37.4777285
55.6599085 37.7484687
55.7454938 37.5597363
55.8759519 37.6775273
55.6334704 37.7608025
55.7619902 37.6484268
55.5816659 37.6110609
55.4677842 37.2880336
55.6750487 37.5814007
55.8345792 37.4476239
55.8748982 37.7067698
55.799305 37.68791
55.7542939 37.6011918
55.7653838 37.5909319
55.723942 37.602229
55.8679643 37.6626324
55.7993135 37.7434954
55.7596593 37.6641343
55.8174659 37.6474829
55.8627353 37.6455367
55.7459932 37.5780104
55.7898747 37.4795193
55.8025752 37.5752189
55.841684 37.3567022
55.6126616 37.6817707
55.5335286 37.524929
55.6540045 37.6321191
55.7882055 37.6712402
55.7039223 37.6158333
55.7042907 37.9357419
55.7748759 37.5270214
55.6140146 37.7059128
55.850136 37.481999
55.8512554 37.446009
55.6849833 37.4920899
55.691755 37.622378
55.8707136 37.5561253
55.7861648 37.6323386
55.7618158 37.7777209
55.93064 37.541404
55.7211746 37.5767888
55.7683851 37.614703
55.7872208 37.5332831
55.7442511 37.6568591
55.7572073 37.7342673
55.7675772 37.6481032
55.8068667 37.5843538
55.3034566 37.1906046
55.8293687 37.4155608
55.7265514 37.6451532
55.7066637 37.6956837
55.7712334 37.6045592
55.5292914 37.1480516
55.7361638 37.6550719
55.6768941 37.5344723
55.8655465 37.6058095
55.775363 37.6735127
55.775064 37.631272
55.7997977 37.802095
55.7656932 37.6085984
55.762604 37.6168003
55.80525 37.519863
55.8466415 37.3448848
55.8052004 37.5698022
55.8218526 37.5144173
55.805527 37.54509
55.6667093 37.5104962
55.8640006 37.696304
55.8879061 37.4022999
55.7347984 37.753942
55.657768 37.620204
55.5649493 37.1816432
55.7896669 37.5869132
55.8137544 37.3935988
55.660785 37.731919
55.7740588 37.6394901
55.7654568 37.7247891
55.8449608 37.4579945
55.6842154 37.573372
55.7768731 37.5853092
55.7258237 37.8262455
55.8054498 37.3866321
55.8300524 37.6698638
55.6110658 37.3351383
55.4699936 37.3056074
55.8308907 37.3595929
55.7332904 37.6446652
55.8205675 37.604657
55.8652029 37.5433181
55.7493726 37.6964703
55.8145776 37.687685
55.7801109 37.7158979
55.7384376 37.6838017
55.60173 37.3549401
55.8649331 37.4978729
55.793564 37.580215
55.79265 37.785512
55.7669155 37.6030166
55.765651 37.617556
55.707578 37.688908
55.7631189 37.4131633
55.7415027 37.5241204
55.8906314 37.5585115
55.9076809 37.576546
55.710783 37.395473
55.7594784 37.4063577
55.540536 37.491099
55.8063583 37.4683541
55.7873777 37.5198511
55.7436649 37.7743127
55.7278753 37.613791
55.4928079 37.3145319
55.5977225 37.6287417
55.8235287 37.3550476
55.8225181 37.7158091
55.7318158 37.6723776
55.8881128 37.6018024
55.792083 37.602759
55.8485016 37.5831214
55.7747083 37.8278631
55.8567997 37.6584937
55.7422235 37.5017619
55.6030071 37.1728502
55.835472 37.4040107
55.7228248 37.6205003
55.763057 37.508894
55.8659492 37.4951246
55.7315358 37.6237359
55.6319285 37.313154
55.7729707 37.6246925
55.7448546 37.6481772
55.6813682 37.590181
55.7310615 37.5891435
55.862298 37.6090091
55.8585582 37.6598221
55.7566089 37.6326112
55.8030201 37.4554976
55.8417014 37.4344305
55.7227538 37.6276535
55.7011482 37.6867672
55.8375299 37.4938337
55.6611092 37.5928522
55.662303 37.425486
55.7302727 37.666871
55.7520088 37.7800423
55.8266247 37.5008935
55.633764 37.5335962
55.6457427 37.6032849
55.7230867 37.6919074
55.6190805 37.4978559
55.7647916 37.6155026
55.793622 37.612371
55.701293 37.424183
55.8685847 37.4970312
55.7554973 37.6986532
55.7786251 37.4744784
55.2381599 37.042683
55.7347322 37.5884907
55.7767777 37.6530255
55.7824014 37.6638628
55.7416235 37.6279824
55.6039083 37.3586474
55.6786285 37.7562174
55.7576761 37.6329344
55.7736321 37.5366106
55.7396456 37.6675873
55.7210927 37.4283499
55.8229257 37.5030363
55.6806696 37.5215756
55.8772926 37.5339726
55.7434574 37.6475021
55.979938 37.176284
55.798465 37.49471
55.7642438 37.617339
55.6996863 37.9253366
55.7853261 37.5726637
55.7670117 37.6119573
55.7839765 37.5973144
55.7773979 37.6569856
55.6148805 37.2831102
55.812797 37.8345144
55.7886235 37.7118656
55.6599852 37.7463998
55.7377539 37.6500834
55.6478052 37.3592605
55.778036 37.652122
55.7668241 37.3720389
55.5050158 37.5347641
55.5583672 37.4859577
55.7314439 37.8521735
55.9026376 37.3692669
55.8381892 37.4911
55.7033021 37.7749252
55.777407 37.7300782
55.9367216 37.5581344
55.6795752 37.585395
55.7970742 37.7868079
55.7729075 37.6615624
55.793731 37.7765086
55.8707127 37.6599915
55.979123 37.161201
55.6791915 37.5677502
55.5881274 37.3716381
55.7848165 37.7176087
55.8270302 37.4502072
55.7577499 37.5495465
55.810883 37.8184403
55.8424357 37.3811847
55.7825087 37.6299196
55.684365 37.7565044
55.7272559 37.5321959
55.599728 37.724723
55.8755478 37.622117
55.8711665 37.5195682
55.6293687 37.6421419
55.3952506 37.4337299
55.9462674 37.3461634
55.6474117 37.7129978
55.9351822 37.3510038
55.848291 37.619791
55.7275097 37.5649214
55.7465787 37.656693
55.6810978 37.6791565
55.6608784 37.4712008
55.4923011 37.3242867
55.8706691 37.5729981
55.857841 37.469099
55.6640822 37.7100079
55.7771416 37.5038654
55.7357158 37.6782467
55.6569246 37.6049421
55.9650298 37.1875431
55.725714 37.6674729
55.8795898 37.5640049
55.6715128 37.4763483
55.7592116 37.6657424
55.7540471 37.620405
55.749886 37.418137
55.6943126 37.4211205
55.676565 37.598717
55.7630427 37.6583875
55.86251 37.6200139
55.6144983 37.6065376
55.749785 37.7689188
55.8069743 37.7727822
55.8121309 37.6412661
55.7507422 37.590778
55.789026 37.567887
55.7947131 37.6896055
55.771186 37.6011439
55.6110327 37.687424
55.6722513 37.7752616
55.7739082 37.7060073
55.775365 37.5858356
55.6207855 37.7165625
55.705729 37.6794012
55.624261 37.309585
55.5010746 37.5953348
55.822412 37.432043
55.7437102 37.7399486
55.731141 37.734264
55.77364 37.583402
55.7540471 37.620405
55.7406129 37.654355
55.8763689 37.6849809
55.7510033 37.7835699
55.692798 37.5745471
55.7529391 37.6716155
55.7782403 37.4629908
55.7450491 37.6512607
55.722892 37.768265
55.9638733 37.1540777
55.664248 37.51759
55.7574997 37.5421769
55.8137772 37.6402757
55.7586503 37.6542113
55.6987731 37.9309803
55.7670313 37.5916225
55.7399238 37.6414079
55.8092935 37.4033808
55.5507093 37.5400667
55.7679796 37.6821922
55.7514817 37.785665
55.7436239 37.5949213
55.729747 37.639464
55.654919 37.618444
55.5068467 37.5705961
55.7642042 37.6495114
55.8897974 37.399024
55.7495566 37.731163
55.7806726 37.4721489
55.7540471 37.620405
55.6991007 37.6577954
55.673777 37.5938094
55.723876 37.777149
55.762622 37.778209
55.750828 37.7102087
55.589193 37.453432
55.7483413 37.5835093
55.7370687 37.4351067
55.7095237 37.6248127
55.7055129 37.602995
55.693297 37.618228
55.5943135 37.6727341
55.8386481 37.64495
55.791091 37.6564631
55.7700735 37.4089612
55.7456748 37.6774881
55.7787525 37.6662371
55.8554414 37.4926481
55.8156063 37.7155382
55.8384773 37.3885436
