55.782005 37.570779
55.7778614 37.4656902
55.8721396 37.5911371
55.65562 37.743902
55.7507148 37.5962085
55.7940284 37.6176872
55.6989289 37.7054702
55.7467271 37.6488431
55.6716867 37.5549136
55.8740678 37.5512582
55.7035077 37.6611318
55.7534053 37.6590249
55.794032 37.495078
55.8236661 37.3927281
55.674489 37.435116
55.7740232 37.5903715
55.7031421 37.8065368
55.7751361 37.618363
55.703758 37.654655
55.684895 37.6902223
55.6165105 37.7305913
55.880359 37.708733
55.998846 37.210025
55.6950792 37.8055663
55.7283391 37.6685561
55.5901284 37.6702576
55.8567806 37.4216664
55.867058 37.493767
55.7130573 37.8538188
55.777925 37.674552
55.7261588 37.6082573
55.6537115 37.5990564
55.414588 37.190001
55.7618048 37.6356451
55.855851 37.470374
55.762984 37.4330016
55.658733 37.736563
55.7566884 37.6136036
55.729101 37.5259245
55.771202 37.622278
55.7642194 37.6345765
55.6065806 37.7320198
55.7189907 37.6341064
55.8516936 37.6646228
55.651822 37.553773
55.7184392 37.4204821
55.7908716 37.4940401
55.7376019 37.5211935
55.7595244 37.6464488
55.7714392 37.6418138
55.859888 37.498716
55.7679037 37.5565113
55.7540567 37.5339033
55.8096786 37.5369084
55.7096644 37.6572024
55.8374496 37.4923022
55.7339369 37.5956363
55.8688475 37.640082
55.7028461 37.9224058
55.7504078 37.4275227
55.6867573 37.7543326
55.86645 37.46414
55.8307293 37.3496223
55.6601304 37.5524882
55.741059 37.647459
55.6510992 37.4036395
55.7691298 37.6448493
55.6034141 37.355822
55.7149293 37.4009004
55.85726 37.563323
55.8517543 37.4038566
55.7302733 37.6460449
55.7451517 37.6306469
55.7575571 37.6365107
55.7391783 37.6179698
55.7658008 37.6116401
55.8663011 37.4751938
55.5834256 37.6769854
55.7655237 37.6675053
55.669407 37.550504
55.8260696 37.6595817
55.809624 37.8356159
55.7041346 37.8229841
55.8183563 37.7779759
55.7893741 37.59251
55.674819 37.635287
55.814701 37.7319464
55.7220392 37.6269731
55.7788943 37.6415416
55.7321112 37.6850674
55.7535208 37.6641628
55.7609717 37.6167218
55.847969 37.6861304
55.7716314 37.5989398
55.640675 37.415838
55.727491 37.608886
55.8280539 37.3530043
55.6611487 37.6260394
55.8530064 37.4456689
55.6138241 37.7335349
55.7691544 37.6608095
55.7505052 37.5953612
55.7606246 37.5676208
55.7495437 37.7805131
55.6833759 37.5553506
55.7523314 37.5961005
55.6801901 37.5235383
55.7433882 37.8344943
55.4283182 37.1378976
55.6284882 37.6638983
55.739808 37.469207
55.8207045 37.5258699
55.7728333 37.5961469
55.736899 37.687569
55.7539641 37.5984811
55.708582 37.521776
55.6822162 37.7743528
55.883989 37.554169
55.8309447 37.6336399
55.717776 37.786563
55.8740372 37.7243188
55.734042 37.8176095
55.8975832 37.5994135
55.783554 37.359576
55.65177 37.620627
55.6870671 37.8540189
55.7514655 37.6701383
55.8886805 37.6038953
55.6875156 37.852857
55.7570344 37.7662373
55.7086725 37.6121685
55.6089702 37.7209854
55.8435143 37.3567906
55.7607775 37.665768
55.7320261 37.4396649
55.840506 37.3809184
55.7421811 37.4187584
55.7547673 37.8201622
55.83491 37.4796687
55.771629 37.6319401
55.7330393 37.4641028
55.7089299 37.7622946
55.809914 37.607035
55.7506714 37.5102115
55.7644516 37.5644749
55.857782 37.515446
55.667213 37.513017
55.6128928 37.7069038
55.6687514 37.7657867
55.625481 37.509334
55.6946699 37.7477218
55.5723428 37.5727882
55.631586 37.6767612
55.7704534 37.4072769
55.8145367 37.7827239
55.7141817 37.6658146
55.8079734 37.5120013
55.8106396 37.7065739
55.7582459 37.4116155
55.6731073 37.4511886
55.724322 37.381711
55.7921594 37.4854885
55.6992666 37.7746304
55.7003557 37.7349537
55.7508009 37.5648507
55.7586326 37.6232358
55.8043366 37.5860557
55.7673337 37.614527
55.590144 37.597288
55.3374876 37.1617448
55.666304 37.6315359
55.778639 37.531792
55.78524 37.688908
55.6977771 37.7856733
55.80399 37.637039
55.7504423 37.4267881
55.798657 37.613
55.8480609 37.4857884
55.6770012 37.7258814
55.983715 37.233414
55.696189 37.541476
55.7777971 37.4642975
55.8415087 37.3515346
55.657758 37.789267
55.6847394 37.5853995
55.4665213 37.3003572
55.7658508 37.6201388
55.8044237 37.6472286
55.6559845 37.6248947
55.7567744 37.5648551
55.5361424 37.5315951
55.7553559 37.7390637
55.8800315 37.5274927
55.9773879 37.173258
55.7360415 37.7974603
55.731313 37.862372
55.7101349 37.6365435
55.7584057 37.6261702
55.7746604 37.6714368
55.908041 37.586275
55.7501449 37.8179449
55.8243663 37.6181171
55.7642692 37.605626
55.6131438 37.6212918
55.7171802 37.6075313
55.6502464 37.4691948
55.7345739 37.3918106
55.73776 37.617824
55.5022817 37.5827739
55.8117046 37.8323484
55.8753181 37.5326356
55.881455 37.555436
55.762622 37.5272531
55.7641534 37.6205048
55.7744772 37.8428485
55.7404297 37.636394
55.7128494 37.426995
55.7076565 37.6253147
55.796904 37.5378802
55.7540471 37.620405
55.7366256 37.6895567
55.7638247 37.6480404
55.9470056 37.4127771
55.6297284 37.8035111
55.641199 37.359801
55.7924681 37.60492
55.7465563 37.5374209
55.6937275 37.5477822
55.7269222 37.4588631
55.811857 37.603954
55.7604122 37.6413409
55.7994676 37.585827
55.7627084 37.6611861
55.773879 37.632673
55.780689 37.63376
55.587733 37.603406
55.470025 37.5431517
55.7448616 37.6526848
55.7888944 37.7846878
55.7513223 37.5657262
55.5623247 37.4698413
55.7331324 37.6717406
55.5420646 37.5222986
55.6832712 37.7808803
55.8140427 37.6208644
55.8815017 37.7122316
55.6063621 37.7419137
55.7532554 37.6695223
55.7600291 37.7171574
56.0077466 37.1945958
55.7345737 37.6582613
55.7434834 37.5775426
55.785685 37.492536
55.8668868 37.6070255
55.8628126 37.4712656
55.804688 37.71769
55.7782269 37.7320611
55.612507 37.515344
55.615335 37.6242498
55.7457861 37.6278528
55.8939834 37.5381027
55.6612174 37.411563
55.6135496 37.3048288
55.7604704 37.6765352
55.6979196 37.8043543
55.7626213 37.652727
55.7321262 37.6636341
55.683087 37.632996
55.8221551 37.5141542
55.6033277 37.7273437
55.7605316 37.6310112
55.5984179 37.2481738
55.5704809 37.479501
55.8062681 37.7792513
55.710038 37.6238038
55.7551614 37.6552498
55.589341 37.601268
55.652724 37.6067228
55.7238334 37.6548736
55.7172196 37.6195889
55.6488879 37.7420301
55.7622056 37.6128768
55.8027909 37.7994129
55.878889 37.538637
55.7758514 37.6731154
55.834472 37.65805
55.7046998 37.599949
55.7476105 37.5688302
55.8654377 37.6380641
55.73073 37.71788
55.5287354 37.478657
55.7430114 37.5591019
55.5730757 37.5701255
55.8499543 37.6806151
55.802533 37.430166
55.609022 37.3326236
55.8175665 37.7917872
55.7005789 37.8517744
55.6822394 37.7250483
55.7644543 37.6167117
55.7778848 37.6377068
55.7961133 37.7998029
55.823211 37.497468
55.7639257 37.7984327
55.7476986 37.7163782
55.7589185 37.7520478
55.713527 37.883123
55.7441256 37.6487907
55.7665543 37.677657
55.7650911 37.5696684
55.7447419 37.62277
55.7732532 37.6219878
55.6488055 37.754089
55.7737078 37.5991397
55.8353956 37.3896731
55.7803032 37.6971342
55.7441393 37.6313086
55.7358593 37.6714523
55.71593 37.7162672
55.8485031 37.4389288
55.5033632 37.5925791
55.740252 37.6345278
55.8960813 37.6582122
55.6546747 37.4415609
55.656895 37.426123
55.7252953 37.6792347
55.7045355 37.7681374
55.6565458 37.3478677
55.7826782 37.7124973
55.5877632 37.6619996
55.7706005 37.4227664
55.5471159 37.5459128
55.5116958 37.5714647
55.796557 37.637479
55.8049415 37.6191334
55.6824047 37.552329
55.8049192 37.5266315
55.7920969 37.7751949
55.6189599 37.4942449
55.704134 37.750963
55.852252 37.4211591
55.7495327 37.5923033
55.7654666 37.6109531
55.5053509 37.5565965
55.7356775 37.5923649
55.3744501 37.353138
55.7978885 37.6995464
55.824571 37.5013893
55.7040378 37.4047662
55.7632267 37.5946967
55.7606527 37.6463791
55.8124273 37.7086185
55.770158 37.5647276
55.7383462 37.6586291
55.817493 37.8296302
55.7084132 37.6026034
55.7258648 37.6704726
55.9840927 37.1567379
55.5306459 37.5214414
55.7540471 37.620405
55.869263 37.532915
55.6435804 37.3382447
55.8133814 37.694835
55.6438356 37.5125638
55.7584108 37.6131084
55.821644 37.499785
55.8015234 37.7747072
55.6752906 37.8056023
55.8177272 37.5235344
55.745402 37.6819003
55.6832485 37.7550326
55.7005187 37.5720863
55.7596978 37.8298602
55.7929766 37.6560797
55.8092723 37.6548506
55.757019 37.6315113
55.774963 37.63305
55.7923569 37.5434507
55.8049285 37.5863705
55.8723234 37.6479756
55.752753 37.6680381
55.7263829 37.6808683
55.7250614 37.6746055
55.7346164 37.7531295
55.6900422 37.7259925
55.7024004 37.8483434
55.8672374 37.6127997
55.7592462 37.6349077
55.7805196 37.7121524
55.7416551 37.6984045
55.6795516 37.69549
55.8704206 37.6616352
55.7964845 37.8006347
55.875157 37.451195
55.7266548 37.5228272
55.7728679 37.6098392
55.8465678 37.6855565
55.7574245 37.5037197
55.660482 37.5236332
55.8351305 37.6300474
55.7752677 37.4898281
55.862459 37.362639
55.7644731 37.6449985
55.7679532 37.5887775
55.6639715 37.61312
55.70354 37.949626
55.5413369 37.5364608
55.8705033 37.6632137
55.7540471 37.620405
55.732697 37.562353
55.7696316 37.572796
55.7724363 37.6195355
55.7893932 37.5836385
55.7588203 37.7117395
55.7463503 37.6455275
55.849441 37.4516722
55.8869728 37.6122932
55.7540179 37.5431036
55.634144 37.441014
55.7042946 37.8745825
55.5939458 37.3518308
55.797458 37.493677
55.710237 37.6652247
55.7148073 37.7752872
55.7305161 37.5906692
55.8894408 37.4924821
55.7581284 37.555774
55.6366067 37.7350117
55.7365502 37.5955176
55.75863 37.6453506
55.6537732 37.7671563
55.505424 37.572504
55.880036 37.587497
55.7080661 37.6055176
55.773325 37.4995718
55.6770061 37.9494647
55.7289805 37.722988
55.7672488 37.6790788
55.6547466 37.7274362
55.5498703 37.5690737
55.70914 37.6174555
55.691882 37.5764615
55.6319623 37.3682822
55.8851897 37.5058751
55.7297924 37.6288812
55.7570003 37.6570218
55.7731779 37.6036369
55.7587338 37.5862721
55.7507405 37.7823646
55.5636704 37.569236
55.6558357 37.4010812
55.698917 37.9348861
55.8454356 37.419068
55.6839763 37.6938038
55.7681618 37.5967729
55.6184903 37.3462234
55.812165 37.639949
55.7019417 37.4509018
55.5934695 37.6657236
55.738822 37.5880568
55.7810916 37.8378282
55.741652 37.6213486
55.8390728 37.5281467
55.7098646 37.7487225
55.820111 37.782701
55.7365619 37.6827162
55.7561417 37.6952686
55.7012093 37.7533436
55.657189 37.481909
55.8912912 37.5534687
55.8311854 37.4949931
55.7702243 37.6369272
55.557719 37.433642
55.8090245 37.681473
55.6992579 37.474019
55.8856868 37.6064257
55.768108 37.6422085
55.7841417 37.7162348
56.0121639 37.2021003
55.6163823 37.6983394
55.7519226 37.5966824
55.6834737 37.5719648
55.8318101 37.4528468
55.7322255 37.55003
55.7032283 37.7444732
55.778515 37.6724598
55.806785 37.7304763
55.7700283 37.6771295
55.508967 37.344467
55.779975 37.615722
55.8012865 37.470639
55.7465961 37.5984057
55.7427997 37.5252404
55.6896179 37.8582608
55.8742529 37.5494232
55.5835 37.258659
55.7768643 37.604702
55.803363 37.59374
55.790433 37.748331
55.7257151 37.554858
55.688563 37.46591
55.7335188 37.6448769
55.3854218 37.4128149
55.7637199 37.6559842
55.717046 37.7642976
55.6630757 37.5536772
55.6679287 37.7497581
55.726041 37.745654
55.7398497 37.6094122
55.739544 37.415047
55.816702 37.572827
55.7103064 37.6527254
55.6840629 37.5292366
55.609446 37.698609
55.7513923 37.5980754
55.604778 37.657682
55.8033936 37.3905552
55.7600196 37.8255427
55.6908934 37.860162
55.8029145 37.5375943
55.7211512 37.4072989
55.7708064 37.8327383
55.655859 37.554547
55.7655941 37.5895313
55.6981356 37.5007715
55.8386729 37.5321813
55.7173618 37.6860989
55.859468 37.436238
55.7132153 37.8917042
55.7432579 37.6562695
55.7490692 37.5928812
55.7346745 37.5234267
55.604829 37.412972
55.6921337 37.3474933
55.8004094 37.560944
55.8024469 37.5644846
55.7540471 37.620405
55.7116121 37.6227966
55.8343474 37.4211288
55.8898828 37.6342274
55.72686 37.5287193
55.7855021 37.7076497
55.5110211 37.3265543
55.719135 37.631115
55.6340631 37.6664491
55.7112789 37.6834755
55.7023783 37.662373
55.7586165 37.557124
55.7359905 37.6683919
55.681123 37.623034
55.657123 37.739375
55.7278038 37.6583055
55.7642148 37.6676984
55.7645963 37.6482505
55.8794045 37.7135537
55.565504 37.499659
55.699081 37.750604
55.8294082 37.6634011
55.7619298 37.6566673
55.7777576 37.5991576
55.55831 37.487532
55.8589237 37.5612728
55.6067514 37.7340493
55.7734248 37.533064
55.6836068 37.5822863
55.8035743 37.5334016
55.8067177 37.5833118
55.7468505 37.5911042
55.7203312 37.7140729
55.7088639 37.6281649
55.8824569 37.508885
55.7037051 37.4997277
55.7591919 37.6005469
55.5364582 37.5301109
55.660531 37.741827
55.7437858 37.6571389
55.6261455 37.3094404
55.7540471 37.620405
55.692942 37.352264
55.7591034 37.5764757
55.7459942 37.5569747
55.845916 37.562919
55.635599 37.319996
55.5083671 37.560599
55.7982174 37.4016514
55.7079682 37.8087692
55.811595 37.484848
55.8066841 37.5429106
55.6711215 37.4733391
55.8695737 37.6667757
55.5042567 37.5837551
55.8901213 37.5207767
55.7424932 37.83492
55.7723191 37.6438592
55.786111 37.635539
55.6806431 37.8485065
55.8393315 37.3529359
55.7555093 37.6181204
55.6825219 37.8458665
55.4862162 37.3228642
55.6435186 37.7420996
55.7566251 37.6942049
55.7255733 37.5631865
55.7632066 37.5943437
55.7726238 37.5891224
55.761416 37.562631
55.7556108 37.6651725
55.8427322 37.3536329
55.7826733 37.6068473
55.723911 37.396218
55.8139968 37.5653011
55.8071725 37.818609
55.5806663 37.6741483
55.751644 37.51626
55.7980203 37.5578168
55.7972801 37.7997964
55.8202674 37.4993975
55.7542939 37.6011918
55.5354098 37.5248343
55.82663 37.4478
55.8290007 37.5135849
55.8196211 37.4643956
55.7786426 37.6383775
55.667828 37.590107
55.7745444 37.581708
55.7081099 37.6553396
55.6165914 37.5990071
55.749822 37.5707586
55.7791697 37.6974884
55.530352 37.576385
55.695936 37.541341
55.5022892 37.5893139
55.7710779 37.6615994
55.9006479 37.394687
55.7581066 37.6849361
55.6897867 37.5741778
55.789588 37.613916
55.740197 37.6327103
55.8111804 37.5768737
55.8232063 37.5204855
55.542976 37.479753
55.8640935 37.5665667
55.7547031 37.5845812
55.7240977 37.6509544
55.6832884 37.6824178
55.6513074 37.5221837
55.7709773 37.6131222
55.8128393 37.7876409
55.7400948 37.6936318
55.8458626 37.5860351
55.829315 37.625891
55.8011359 37.4946808
55.7577959 37.406796
55.702414 37.940427
55.8382475 37.3804699
55.7594036 37.5509467
55.6080432 37.7548965
55.8814967 37.6027087
55.6982768 37.9148527
55.6530166 37.471809
55.8012691 37.7478447
55.7072675 37.6259257
55.6542476 37.5595092
55.747125 37.679484
55.7540471 37.620405
55.6760592 37.5741635
55.7618388 37.6241846
55.8461651 37.641233
55.818139 37.431594
55.7753886 37.4711726
55.638394 37.30795
55.981903 37.14681
55.6116378 37.2552372
55.7650631 37.5987111
55.701815 37.942727
55.703814 37.640138
55.7553 37.655792
55.7417194 37.5236367
55.849625 37.584326
55.7516667 37.5904424
55.7110824 37.4363137
55.7214876 37.6118848
55.8729763 37.5142891
55.8220335 37.6629735
55.7403091 37.82772
55.7819032 37.7236365
55.7679763 37.6144384
55.8499327 37.3587429
55.7138077 37.7234609
55.7669661 37.6256008
55.71481 37.809848
55.6779226 37.5357482
55.648905 37.533328
55.803 37.59155
55.711108 37.504708
55.7302631 37.6644487
55.656138 37.649139
55.7533013 37.410497
55.8790192 37.6430765
55.6116932 37.7087041
55.5478006 37.5830722
55.8425423 37.5826199
55.7453795 37.5591321
55.7168929 37.6441008
55.542725 37.5481627
55.685523 37.7465855
55.659434 37.747091
55.7621213 37.7847124
55.7111484 37.6144472
55.8044831 37.6460746
55.7034127 37.8283214
55.755266 37.6088832
55.7660048 37.5893138
55.7540471 37.620405
55.7520907 37.5938817
55.7356318 37.7459166
55.7401357 37.6542634
55.7269525 37.5242958
55.6830091 37.738269
55.7701218 37.6819511
55.7642613 37.6197107
55.8865491 37.6080713
55.7356775 37.5923649
55.7952132 37.7769335
55.7093422 37.7378855
55.6261188 37.4376179
55.7991014 37.5637061
55.70972 37.85632
55.7833521 37.7169528
55.784741 37.7074786
55.7801172 37.6835889
55.5116963 37.5685386
55.7524737 37.8203679
55.880995 37.683859
55.6574586 37.4262399
55.7681649 37.647074
55.991893 37.21439
55.751644 37.51626
55.588696 37.3729344
55.6283049 37.5936707
55.6613173 37.453507
55.6435762 37.5111032
55.7591524 37.5809038
55.5953361 37.7391844
55.771186 37.6011439
55.7650097 37.5575206
55.6572821 37.7636175
55.7980974 37.5335594
55.676638 37.6573749
55.771292 37.584029
55.7334652 37.5903851
55.71867 37.4140023
55.77756 37.503154
55.7703534 37.6169801
55.684011 37.6562739
55.8107956 37.7406508
55.6739717 37.6128453
55.7602516 37.77876
55.727055 37.385241
55.6210548 37.7447135
55.7308223 37.4679314
55.7683459 37.5932702
55.7645387 37.6009186
55.647796 37.6015063
55.4713667 37.2922659
55.6943743 37.8512159
55.7664979 37.6781958
55.744331 37.6245815
55.7887385 37.6334057
55.7830501 37.6427667
55.6487769 37.7355302
55.7750242 37.6570675
55.8890581 37.6309683
55.994607 37.21051
55.85061 37.5769
55.7137774 37.6171469
55.6887312 37.8097562
55.7095998 37.6123509
55.7172227 37.6777521
55.6233446 37.3048793
55.6482369 37.5371666
55.8470891 37.3511438
55.7604097 37.6621923
55.7741806 37.6336118
55.7737776 37.7397121
55.6821969 37.4849274
55.75094 37.59745
55.7508937 37.7834131
55.7543416 37.7525485
55.7178554 37.827158
55.7563377 37.6185616
55.809363 37.639051
55.7558883 37.5860621
55.678458 37.564248
55.7778434 37.6139634
55.793024 37.799787
55.74943 37.6325692
55.5677832 37.5709375
55.7540471 37.620405
55.71408 37.512982
55.7256476 37.7481334
55.7384188 37.6160972
55.870046 37.59197
55.77714 37.673915
55.653819 37.7267957
55.7706278 37.6811769
55.7044279 37.6154099
55.7652314 37.57511
55.7886999 37.63198
55.6212772 37.7293503
55.60412 37.66555
55.717905 37.4265081
55.543659 37.478837
55.7329742 37.6264032
55.8298137 37.439237
55.8109174 37.7690455
55.5042755 37.5389694
55.6883005 37.5696388
55.436433 37.28666
55.8332311 37.4255173
55.62189 37.7833723
55.7587848 37.6397666
55.7879601 37.6999526
55.636508 37.714978
55.7738876 37.6159667
55.772201 37.6598509
55.6402265 37.7697151
55.8388939 37.6541077
55.7288091 37.6338075
55.7635577 37.5944018
55.569629 37.579004
55.7884813 37.5811165
55.6975624 37.843905
55.54069 37.5323492
55.6761275 37.5662615
55.6422386 37.6036571
55.6377166 37.7574822
55.7096512 37.6240309
55.802088 37.554672
55.6095843 37.2975142
55.63893 37.759083
55.7773449 37.6344275
55.491559 37.568174
55.7463913 37.5718363
55.651232 37.741225
55.5466065 37.5265572
55.815246 37.573285
55.7545935 37.6447299
55.882808 37.513188
55.8664147 37.7037814
55.7571137 37.6019844
55.8664457 37.4804628
55.7987701 37.4004326
55.543659 37.478837
55.7822767 37.5634542
55.7146618 37.4344245
55.8104929 37.6450793
55.6234982 37.6979252
55.666599 37.552148
55.7480244 37.6095171
55.7369483 37.6155482
55.7640738 37.5965218
55.7449335 37.6248973
55.7909014 37.7484254
55.7540471 37.620405
55.8283995 37.6314037
55.8025352 37.5562174
55.677935 37.531631
55.7613897 37.6431598
55.7518111 37.7069419
55.8339228 37.5225939
55.978241 37.15079
55.732514 37.619549
55.7616674 37.6378815
55.8425836 37.4559665
55.9025843 37.5598929
55.8601023 37.662742
55.7591165 37.7421773
55.790179 37.5820204
55.903504 37.541503
55.7695913 37.6206922
55.5231833 37.3506981
55.862984 37.585404
55.6803642 37.7171507
55.6262859 37.310845
55.5201362 37.3495743
55.9765247 37.1682627
55.7942915 37.559763
55.8520617 37.529146
55.7833262 37.5967849
55.8043356 37.5852249
55.8803337 37.5433777
55.4729171 37.5471402
55.411445 37.255084
55.86933 37.527542
55.7359831 37.6147021
55.7565439 37.6275484
55.7262541 37.7132823
55.7332349 37.5227256
55.80616 37.803631
55.7384297 37.4134644
55.751201 37.642004
55.7682457 37.8304429
55.8081107 37.7590645
55.7348998 37.6110578
55.7074482 37.5828525
55.9078664 37.5829458
55.6023657 37.7231674
55.7729896 37.602293
55.7013972 37.7514564
55.7479985 37.6622942
55.654493 37.617878
55.8095717 37.7937766
55.7108985 37.7710073
55.705062 37.6734655
55.7199565 37.4200151
55.7676051 37.6346701
55.6745923 37.7602126
55.8639782 37.5544704
55.7727023 37.6164647
55.718851 37.779835
55.7861773 37.6592632
55.7988552 37.6069348
55.7942502 37.7528316
55.993283 37.212747
55.7512837 37.5872525
55.8698354 37.6788681
55.7507876 37.562173
55.7836967 37.7120757
55.860938 37.4835261
55.7909557 37.6558438
55.814659 37.640479
55.795327 37.787812
55.7381837 37.8292102
55.862131 37.43658
55.8244263 37.6223395
55.7030705 37.4767117
55.8273213 37.5953973
55.7414277 37.53157
55.8689294 37.6649559
55.7848898 37.6114949
55.6461849 37.5340466
55.7825482 37.5992278
55.7196314 37.8216593
55.7508165 37.6424879
55.8788994 37.6374549
55.6985204 37.8052381
55.6989919 37.5757276
55.7540471 37.620405
55.7569156 37.6333979
55.7532758 37.5985389
55.9796628 37.1626464
55.8378786 37.6467845
55.7588066 37.6327083
55.828101 37.487883
55.766146 37.611531
55.7660916 37.7239223
55.6730113 37.6154421
55.7482152 37.5808292
55.7331725 37.4006233
55.7370687 37.4351067
55.7475653 37.5833664
55.749689 37.6503826
55.7728355 37.6269854
55.7845605 37.5992536
55.775095 37.5065807
55.7130563 37.6823426
55.5673424 37.561888
55.742909 37.481729
55.8661406 37.5267117
55.7548273 37.5463656
55.6355212 37.7588019
55.5466971 37.5697884
55.6292109 37.4499409
55.7152224 37.4800953
55.5150373 37.5381399
55.6408853 37.6830626
55.7449611 37.870409
55.6737145 37.7455594
55.7540471 37.620405
55.7205218 37.6092813
55.648667 37.529825
55.7192667 37.4017697
55.687959 37.586949
55.7733491 37.6619304
55.7595523 37.6447944
55.8058979 37.5189492
55.580711 37.1074333
55.7540471 37.620405
55.7777133 37.5868421
55.861524 37.5425
55.7379218 37.6354399
55.7843173 37.6621825
55.7260771 37.6828122
55.901046 37.540982
55.6493738 37.3961511
55.624652 37.304204
55.7112938 37.7678303
55.760514 37.5793403
55.7478283 37.5649331
55.5727161 37.6090215
55.534268 37.517523
55.7817758 37.5818562
55.6781342 37.6517368
55.7652352 37.6601579
55.85293 37.619585
55.7878372 37.6407161
55.5738013 37.4713794
55.793829 37.610116
55.6484984 37.5178607
55.7209759 37.693688
55.6080469 37.593304
55.6359793 37.7346803
55.8359536 37.6261163
55.7363371 37.6948679
55.7955179 37.6979528
55.7351289 37.8299872
55.722554 37.5583133
55.7807773 37.5797664
55.5393295 37.5737348
55.7505393 37.7572635
55.5790573 37.1444315
55.630533 37.798691
55.7431648 37.6305786
55.7540471 37.620405
55.6681905 37.7639506
55.6135932 37.5825248
55.71909 37.557843
55.7779846 37.5989285
55.650505 37.745915
55.7540471 37.620405
55.8943412 37.6169708
55.709702 37.4403772
55.6415077 37.5403052
55.7272629 37.6470106
55.6565666 37.6260502
55.6917398 37.7439289
55.9717338 37.1905395
55.630101 37.519629
55.76977 37.6466991
55.4670465 37.2869777
55.7485431 37.7661796
55.9630632 37.1731791
55.7084162 37.5917083
55.7062542 37.7632304
55.85061 37.5769
55.679397 37.739087
55.7335008 37.8566244
55.5627547 37.5851285
55.753225 37.706973
55.8653322 37.625787
55.7791981 37.5157769
55.7722536 37.4997587
55.7485009 37.5003105
55.7972605 37.7170814
55.8449387 37.367728
55.7232529 37.7031567
55.861197 37.6889707
55.7932201 37.7767951
55.7651469 37.4720838
55.7105866 37.6932758
55.523825 37.514733
55.823257 37.645896
55.8150767 37.6474651
55.7699303 37.5794459
55.69898 37.563188
55.679057 37.624004
55.858731 37.542581
55.7401082 37.5262199
55.8034105 37.6003797
55.7626348 37.6136308
55.8485031 37.4389288
55.8923026 37.6262567
55.8435375 37.5796227
55.4398447 37.3140321
55.5793516 37.6068027
55.63283 37.453738
55.7527735 37.6692359
55.7452267 37.652586
55.804901 37.509289
55.8502852 37.5781695
55.8108169 37.7423187
55.7418714 37.5283921
55.7661077 37.5669103
55.746127 37.5091577
55.7842568 37.5999437
55.6291978 37.613473
55.6673505 37.6670124
55.8683356 37.4981466
55.7429795 37.6021614
55.818138 37.7342637
55.7801295 37.6419423
55.7329477 37.3860554
55.770775 37.376626
55.622141 37.47368
55.7635347 37.5566016
55.8174868 37.5034065
55.7498801 37.6055626
55.7245075 37.4553376
55.6826863 37.7229348
55.7794918 37.600497
55.632672 37.518587
55.8563322 37.4712842
55.6045089 37.7077511
55.8304851 37.6283155
55.647178 37.746885
55.7464381 37.6344359
55.350581 37.334783
55.7841014 37.6559764
55.8888325 37.5592837
55.7349778 37.8088714
55.7387361 37.4227941
55.763057 37.508894
55.878384 37.548355
55.6793268 37.4959153
55.8359539 37.4148656
55.6942596 37.8295794
55.765255 37.5843631
55.8106202 37.8305121
55.8052673 37.6420099
55.7081417 37.6272645
55.722314 37.568605
55.8546938 37.5012488
55.773575 37.587443
55.7540471 37.620405
55.6322759 37.6803722
55.640777 37.6049885
55.4948965 37.5560616
55.7533297 37.7071651
55.6907426 37.5760459
55.707918 37.481469
55.725575 37.574634
55.8154636 37.5693489
55.7308851 37.6089506
55.7937446 37.5686488
55.7770925 37.6137052
55.6087957 37.2991149
55.8358883 37.5793955
55.8236378 37.5854621
55.7040441 37.7405114
55.5039407 37.580549
55.7540471 37.620405
55.4716947 37.296642
55.789472 37.567186
55.738264 37.8104743
55.5726916 37.5716262
55.759852 37.6099445
55.571021 37.45071
55.7414023 37.4196002
55.7654518 37.6216977
55.7140049 37.730011
55.8148547 37.7813526
55.7729857 37.5898364
55.8134525 37.5849161
55.8868231 37.5002845
55.7292951 37.5657461
55.6658332 37.5580306
55.7654694 37.6077919
55.7940611 37.6922859
55.7607114 37.6197471
55.6446344 37.5954018
55.6193759 37.5067969
55.7500545 37.7873696
55.7216089 37.8134768
55.9812926 37.2602257
55.6902448 37.450942
55.7343696 37.5649966
55.7880545 37.6965741
55.7884147 37.55763
55.783316 37.572944
55.4681283 37.2894279
55.766997 37.632026
55.8368698 37.6461967
55.7449376 37.765048
55.7370432 37.5259103
55.8157468 37.7143793
55.7586342 37.5022875
55.6236592 37.7166215
55.7778375 37.6647576
55.645878 37.526528
55.6781828 37.4363586
55.6489387 37.7481263
55.7386242 37.7825524
55.732891 37.6140839
55.7540471 37.620405
55.6035828 37.5990053
55.7846951 37.597376
55.7517528 37.6381661
55.5679482 37.5798732
55.8221779 37.5042347
55.7799322 37.6911704
55.8894176 37.5976946
55.7409492 37.630261
55.692764 37.609335
55.6167566 37.6273322
55.647874 37.408552
55.617556 37.607987
55.7156943 37.6164914
55.822751 37.639743
55.6069427 37.7019887
55.7326378 37.4044666
55.8558097 37.5858389
55.6774304 37.7632988
55.641285 37.54833
55.7415141 37.6278603
55.77356 37.586904
55.6394481 37.6070691
55.6727434 37.5423059
55.797493 37.55859
55.7596815 37.7916496
55.5931672 37.6573459
55.7643743 37.7027144
55.783414 37.6012259
55.7376537 37.5930921
55.6789913 37.4644025
55.7058776 37.7307117
55.69007 37.614635
55.5997508 37.3468244
55.7540471 37.620405
55.685437 37.621732
55.6335935 37.7412854
55.8258468 37.5675201
55.6485864 37.5184102
55.5013371 37.5969972
55.79097 37.820852
55.5729002 37.5661634
55.7114447 37.8841673
55.762152 37.5705067
55.604132 37.503343
55.801015 37.636769
55.9470056 37.4127771
55.7044066 37.5033669
55.7463305 37.6067804
55.7758575 37.6121408
55.8159305 37.6307905
55.8169918 37.6481662
55.6484418 37.6863107
55.7478002 37.5916677
55.8066889 37.7597725
55.706256 37.7722154
55.8525598 37.6802872
55.580192 37.587137
55.7875373 37.6162304
55.7749788 37.6319791
55.636758 37.598923
55.716722 37.6991686
55.7213983 37.572528
55.7266302 37.654015
55.6729107 37.5175274
55.9830982 37.1718886
55.623797 37.7046929
55.647071 37.673582
55.7739495 37.4397685
55.8257113 37.4305341
55.7066081 37.6949255
55.8245393 37.5794041
55.7266216 37.6273247
55.78666 37.6322647
55.7230726 37.6127719
55.7446062 37.5484008
55.8887117 37.5948089
55.7267114 37.5957687
55.882818 37.551358
55.7991878 37.5449599
55.6650303 37.6129895
55.7190885 37.4009571
55.7149518 37.6100866
55.792883 37.80612
55.7736211 37.5882693
55.7771736 37.5196101
55.7620578 37.6095783
55.8470882 37.4766657
55.860489 37.437271
55.7792231 37.556818
55.452497 37.29223
55.7308906 37.5047696
55.5042736 37.5591098
55.6502694 37.316265
55.7665318 37.6145499
55.7920486 37.6827166
55.6366 37.644495
55.8098149 37.7054936
55.8664555 37.4831372
55.994617 37.22544
55.5462315 37.5512812
55.9109543 37.5751528
55.8028009 37.5198254
55.8705528 37.6411331
55.7590029 37.5429763
55.7100559 37.7355156
55.809555 37.820328
55.7428927 37.4236773
55.7286894 37.6467258
55.70618 37.6253072
55.7071422 37.7930252
55.8789277 37.641304
55.7557803 37.635358
55.7880389 37.5112415
55.8521129 37.3545613
55.6556255 37.4081911
55.7668185 37.6652969
55.7375501 37.7018374
56.001806 37.204868
55.6752231 37.5649528
55.598011 37.5123701
55.68194 37.424336
55.8717116 37.5566414
55.851441 37.5328051
55.724307 37.767681
55.581464 37.708114
55.6080268 37.6548701
55.7366717 37.5880101
55.6533655 37.3264373
55.5908929 37.64792
55.8058147 37.3753846
55.695403 37.617411
55.621704 37.616521
55.6633016 37.6056048
55.7470976 37.6584205
55.5660295 37.5771046
55.530964 37.57307
55.7419725 37.5950917
55.7111681 37.6163978
55.7788318 37.8274899
55.856264 37.3621247
55.7650529 37.6004526
55.7097593 37.8029147
55.7818174 37.719275
55.7087981 37.6997354
55.7795357 37.7136924
55.776245 37.7478809
55.838187 37.642878
55.8879996 37.4988383
55.7633736 37.597032
55.7671987 37.5751909
55.784577 37.614222
55.7445547 37.6268714
55.8220915 37.5995874
55.8267176 37.6389858
55.8793497 37.6417041
55.8704824 37.5807154
55.6574191 37.5300679
55.653517 37.648178
55.8525878 37.4947439
55.8085794 37.7991058
55.7376337 37.6318209
55.648214 37.540847
55.7643535 37.5963048
55.6931947 37.7187165
55.5265083 37.4444768
55.594438 37.459649
55.6172016 37.7792857
55.7563401 37.6351734
55.796774 37.486086
55.7132712 37.6171297
55.797265 37.522262
55.7540471 37.620405
55.6832852 37.5395057
55.8478111 37.6351716
55.5416893 37.5147771
55.590785 37.451438
55.8116606 37.5732126
55.977481 37.18233
55.6831232 37.9266022
55.711295 37.612271
55.7019513 37.7658608
55.7349102 37.6160807
55.749263 37.701385
55.308377 37.147753
55.6463261 37.257181
55.7769965 37.6614466
55.688122 37.5983125
55.812212 37.7754997
55.5456308 37.5343977
55.7436211 37.8663265
55.7540471 37.620405
55.7851211 37.7209975
55.752286 37.6109875
55.6433655 37.5938476
55.7467716 37.7602382
55.684544 37.423932
55.6773007 37.5374324
55.824804 37.49736
55.7075297 37.4785293
55.679169 37.6578855
55.8529468 37.6364755
55.6043784 37.6365386
55.774568 37.670456
55.698285 37.650235
55.7670438 37.826688
55.703875 37.623905
55.7134 37.513565
55.8694264 37.5589557
55.7954903 37.7008223
55.7742003 37.5944024
55.7973043 37.6364115
55.7769407 37.6307046
55.932668 37.547817
55.7953806 37.514402
55.784131 37.566467
55.7444732 37.6799696
55.6831674 37.4522414
55.718187 37.784066
55.7916196 37.593569
55.827302 37.364373
55.926605 37.5402
55.7954517 37.5558954
55.57008 37.285321
55.7988465 37.6900466
55.693292 37.471524
55.821006 37.614419
55.7339579 37.5542532
55.6785964 37.4458649
55.7891736 37.6328218
55.7817597 37.6344017
55.6574586 37.4262399
55.7492348 37.6644106
55.6734047 37.4768068
55.8009131 37.459599
55.8936694 37.6627386
55.7772638 37.6776892
55.85961 37.372422
55.677565 37.559191
55.8881858 37.5262247
55.7965873 37.7079359
55.7427553 37.629727
55.7041873 37.9442904
55.5975849 37.5035521
55.7864408 37.7426978
55.4778215 37.5570041
55.855088 37.474516
55.942645 37.538907
55.9204188 37.5532715
55.997895 37.191079
55.751988 37.8161909
55.7699899 37.8225611
55.7015813 37.9371539
55.8696551 37.4966836
55.7215688 37.6484819
55.8195309 37.8033711
55.796589 37.5619879
55.6821819 37.7029335
55.6761402 37.5945073
55.7343899 37.4166183
55.6916366 37.4870603
55.7618814 37.5626174
55.7767474 37.6429419
55.722172 37.388762
55.876587 37.548276
55.738323 37.677122
55.4691142 37.2902858
55.813016 37.8227492
55.863378 37.5910097
55.7434105 37.6522178
55.7233611 37.4352589
55.6427308 37.6876801
55.7574511 37.5530034
55.635929 37.32694
55.7886094 37.5890734
55.6096517 37.3329324
55.7352408 37.5551412
55.7422 37.847374
55.7033423 37.9339329
55.5811448 37.6457944
55.6820859 37.7793397
55.7452327 37.6177654
55.7755176 37.6692396
55.7612039 37.6327013
55.602716 37.6579804
55.988837 37.159297
55.7450444 37.5868197
55.7712932 37.417328
55.8976347 37.5788157
55.7406996 37.680019
55.7500175 37.5922132
55.8770811 37.6280831
55.8060974 37.513237
55.6790047 37.6401496
55.637271 37.325961
55.7540471 37.620405
55.7407422 37.5982235
55.7464188 37.6469077
55.7436072 37.6997092
55.5851499 37.1868707
55.7948958 37.7836955
55.5903832 37.3742988
55.663639 37.486679
55.7526307 37.5980259
55.668269 37.492033
55.7512337 37.6286243
55.7443629 37.5665334
55.736493 37.7352091
55.8135316 37.5969072
55.7034618 37.7364275
55.6603377 37.4885548
55.812064 37.490389
55.7398016 37.6185777
55.700503 37.8095318
55.4247329 37.2938857
55.8470065 37.357309
55.7540471 37.620405
55.7043278 37.7635019
55.7754775 37.6081052
55.7593733 37.5701002
55.8072105 37.3945414
55.8321935 37.4502414
55.8027334 37.6073119
55.6434203 37.4137613
55.7677179 37.5981257
55.7452327 37.6177654
55.758711 37.657152
55.492521 37.29903
55.89028 37.588063
55.8190888 37.4893475
55.9641191 37.1518069
55.7166929 37.3892205
55.7656932 37.6085984
55.604025 37.539473
55.70126 37.5038151
55.8422567 37.5807253
55.6870459 37.6070387
55.5792329 37.6088613
55.5968235 37.1143694
55.7550112 37.5279107
55.8661613 37.5812321
55.7316355 37.7158316
55.8831701 37.7055834
55.779446 37.5194807
55.8466121 37.4233628
55.617225 37.510511
55.6357636 37.675056
55.6388915 37.6949268
55.8545504 37.6830819
55.7512446 37.6313651
55.7695617 37.6325791
55.7090029 37.6044264
55.8480698 37.361351
55.6559735 37.6157229
55.819282 37.495419
55.7630427 37.6583875
55.768726 37.644498
55.6735492 37.5840007
55.641244 37.356172
55.7196105 37.7338683
55.5740158 37.6690288
55.5215931 37.3962818
55.8275767 37.5318615
55.7653134 37.5648834
55.7525382 37.5970342
55.7497953 37.5164011
55.7538857 37.5246641
55.688126 37.352156
55.7808428 37.7143334
55.638689 37.327641
55.7675611 37.6094277
55.702514 37.9332141
55.8287076 37.6295719
55.8245077 37.3544569
55.810688 37.63676
55.6133237 37.2949854
55.6096455 37.7201808
55.7607339 37.6330038
55.8797446 37.6382131
55.8555199 37.3595007
55.606787 37.526618
55.705666 37.749016
55.7887754 37.7152552
55.485775 37.306692
55.7038358 37.702765
55.7371066 37.5759435
55.7367226 37.4185872
55.7482099 37.6775053
55.696697 37.431271
55.8286759 37.5246341
55.6076012 37.5393307
55.6736707 37.7382065
55.8302652 37.6468884
55.732509 37.564374
55.7033004 37.4381686
55.6789515 37.7226628
55.664223 37.547261
55.6733406 37.7671652
55.672509 37.6692723
55.56588 37.500944
55.6877251 37.4881925
55.7275813 37.6681566
55.7619394 37.6198154
55.5698871 37.4876177
55.503171 37.572522
55.805371 37.49471
55.8320451 37.6579765
55.7230699 37.6137102
55.6728448 37.4504234
55.7859255 37.6326906
55.802533 37.430166
55.823955 37.529403
55.7767078 37.6786344
55.6255304 37.6618558
55.733437 37.705135
55.7752445 37.686286
55.7166 37.50902
55.8190883 37.7046237
55.7926945 37.5155031
55.8696056 37.5338588
55.8111944 37.5147269
55.8631301 37.4253826
55.776075 37.6037069
55.700172 37.423419
55.7690635 37.5931194
55.7392676 37.5429166
55.8874289 37.6330312
55.843687 37.482627
55.7765024 37.6746644
55.991893 37.21439
55.8808476 37.7204202
55.6636963 37.6144834
55.5687758 37.5669416
55.7406891 37.5024308
55.7151356 37.8613658
55.7366235 37.7370214
55.8855587 37.5033316
55.7540471 37.620405
55.8076915 37.7579799
55.7523471 37.7002934
55.6852254 37.9209432
55.8069648 37.7138129
55.7816547 37.5922816
55.7838661 37.5996778
55.7712839 37.597944
55.6891816 37.6055853
55.8124591 37.7349528
55.7381953 37.8301174
55.83299 37.501582
55.7647274 37.6574482
55.745797 37.513107
55.8670281 37.6321914
55.698639 37.9267587
55.742737 37.502875
55.7395247 37.5662319
55.741125 37.695268
55.6092943 37.6281275
55.625211 37.345491
55.788647 37.749265
55.7465285 37.6635125
55.6335886 37.6573049
55.7396759 37.7706047
55.8256853 37.582078
55.7220932 37.6727937
55.6997535 37.4763196
55.6828393 37.8542767
55.82402 37.495545
55.4643508 37.2906384
55.7806477 37.6351232
55.651978 37.486005
55.585131 37.3685829
55.7357723 37.6533716
55.789894 37.7363558
55.7073855 37.8120593
55.6581673 37.5539241
55.644704 37.385861
55.8259378 37.5958388
55.7709882 37.6590191
55.6407632 37.6344013
55.8157246 37.4928129
55.792083 37.602759
55.8228972 37.588428
55.7614659 37.6320987
55.7563401 37.6351734
55.8955298 37.6039654
55.59045 37.3678979
55.7423597 37.6518036
55.8598203 37.4901196
55.7157821 37.7912631
55.730493 37.4070928
55.6080263 37.6555058
55.721695 37.73393
55.627407 37.750828
55.7393837 37.6667307
55.725085 37.572834
55.5214744 37.5208117
55.7279951 37.7349744
55.990881 37.235609
55.7851472 37.5880901
55.7104231 37.4759933
55.6370595 37.7692607
55.6594749 37.4044042
55.993751 37.253153
55.6322759 37.6803722
55.752901 37.5849691
55.7547496 37.5871138
55.626101 37.621534
55.8099621 37.6471405
55.8694738 37.4714552
55.7393517 37.6188661
55.7090143 37.8888808
55.7620614 37.6385064
55.7567484 37.5624525
55.7540471 37.620405
55.9777187 37.1741806
55.725894 37.526357
55.8645971 37.4848821
55.8223873 37.5177938
55.7998231 37.7997608
55.747011 37.57976
55.7371072 37.6161484
55.8755545 37.4877667
55.8631301 37.5376728
55.812418 37.652023
55.569515 37.497297
55.8034365 37.4022721
55.6849932 37.6665146
55.8219136 37.5695131
55.6759229 37.5711822
55.4865869 37.3056879
55.880927 37.6797103
55.7542164 37.6351036
55.7357245 37.4941682
55.5793046 37.6662759
55.8923375 37.3848563
55.8524235 37.5244572
55.629348 37.664716
55.7597352 37.5734325
55.8051999 37.5838856
55.720648 37.6593526
55.7665497 37.6508685
55.8430953 37.4415605
55.880268 37.682745
55.8231461 37.5009494
55.763656 37.6107691
55.8347176 37.6332517
55.6531659 37.594493
55.799957 37.592491
55.7844032 37.7165033
55.7097076 37.6170158
55.889862 37.594288
55.5179471 37.3478666
55.7628329 37.7512817
55.791299 37.795394
55.889664 37.542033
55.8801701 37.6842701
55.6152445 37.2170821
55.543582 37.49709
55.4011253 37.4482777
55.7750293 37.6761664
55.8688925 37.5629756
55.9670099 37.1545994
55.719348 37.781174
55.407366 37.458642
55.7856785 37.5246734
55.711735 37.581444
55.6196084 37.4320814
55.7099956 37.5984595
55.7586665 37.6296401
55.8680201 37.6719172
55.5656157 37.5600075
55.7641566 37.7126596
55.802933 37.772972
55.8686887 37.5575018
55.715794 37.5182931
55.7470996 37.5815073
55.8839484 37.5047081
55.563757 37.498617
55.7506394 37.6508086
55.8102401 37.7788648
55.726502 37.769298
55.8293067 37.5996034
55.8948918 37.6174976
55.683706 37.540578
55.8632447 37.4241437
55.7392659 37.5494293
55.7179085 37.5981418
55.7762081 37.6775771
55.8214919 37.511446
55.733559 37.5918683
55.7756012 37.586084
55.7118497 37.7512098
55.7582498 37.7878887
55.7380017 37.4149402
55.6325167 37.6585806
55.7620578 37.6095783
55.5333752 37.5323123
55.7698437 37.6856998
55.7156626 37.6196034
55.7196105 37.7338683
55.6180299 37.740705
55.5125187 37.5753642
55.660893 37.807365
55.7756187 37.6589962
55.836474 37.655248
55.7086338 37.9272402
55.8062118 37.6147218
55.7406926 37.5382992
55.8474653 37.5730042
55.676423 37.44612
55.8109063 37.693264
55.7290095 37.6177682
55.7395184 37.6848124
55.583632 37.682772
55.8180259 37.7262192
55.6989318 37.5232558
55.7448569 37.6790302
55.572594 37.473635
55.7880051 37.6107072
55.7414277 37.53157
55.6916366 37.4870603
55.789461 37.551735
55.779585 37.718884
55.7596414 37.7441679
55.7322625 37.6722301
55.7252243 37.6256429
55.75102 37.817665
55.789937 37.634299
55.6413917 37.4720694
55.84724 37.630975
55.7905484 37.7419689
55.7645344 37.5967393
55.873552 37.6259823
55.7958151 37.5131586
55.8618369 37.5898134
55.8473413 37.6355193
55.7540471 37.620405
55.8040963 37.4528779
55.5838 37.591288
55.8150159 37.6285092
55.7145673 37.774039
55.7765055 37.4129951
55.6795663 37.5502391
55.8658163 37.7004505
55.7730303 37.5701638
55.839855 37.490263
55.883484 37.54144
55.7692677 37.4726032
55.7506913 37.5957635
55.7277158 37.623434
55.8665676 37.5555619
55.8220747 37.6008807
55.592947 37.457358
55.804046 37.590659
55.620647 37.507592
55.7338302 37.6222744
55.7638368 37.6428538
55.746266 37.6675805
55.89784 37.6670439
55.7956411 37.5601988
55.6221465 37.4274349
55.7486614 37.5808756
55.626594 37.343919
55.678443 37.703442
55.6965587 37.4593175
55.7308588 37.5767991
55.6729178 37.6593723
55.8592361 37.5166935
55.5699545 37.4939603
55.7772626 37.4721816
55.5948346 37.461435
55.722451 37.603882
55.6738623 37.6196869
55.7700514 37.6418234
55.7540471 37.620405
55.516476 37.570312
55.7610281 37.5149169
55.7529978 37.6103474
55.7688224 37.6593446
55.4761821 37.3163249
55.781038 37.632359
55.8089365 37.758299
55.9933839 37.2228548
55.62638 37.618228
55.6519822 37.6176839
55.7152768 37.6114892
55.6673386 37.5247622
55.8236703 37.5020341
55.8871494 37.6492766
55.6327856 37.6798383
55.6853366 37.4612478
55.8476467 37.3705404
55.622411 37.619513
55.7402789 37.5283928
55.7566875 37.605878
55.725138 37.775272
55.7416937 37.6099744
55.798191 37.76345
55.7422 37.587236
55.634144 37.441014
55.7965623 37.5811189
55.6263981 37.6066035
55.7423491 37.6031393
55.876657 37.588736
55.7974877 37.8157828
55.8071499 37.7771511
55.7284812 37.6589987