55.7251837 37.6490745
55.7693505 37.6049336
55.5870029 37.6013958
55.6602902 37.5377131
55.7425975 37.6117717
55.7292069 37.6345859
55.663629 37.73244
55.730948 37.64401
55.761796 37.6831665
55.7699878 37.7147949
55.7059082 37.7839279
55.730867 37.638773
55.8654282 37.4286787
55.7060903 37.6144001
55.7398268 37.596159
55.633739 37.324183
55.8057498 37.7579789
55.7589166 37.6442264
55.7721212 37.6783262
55.6194439 37.5092758
55.586222 37.596713
55.7722 37.6515678
55.6479116 37.3435938
55.751286 37.8162938
55.4927919 37.5669103
55.5797112 37.6710148
55.7529834 37.5876332
55.7232006 37.6271845
55.720372 37.822074
55.6617689 37.5159864
55.7575068 37.6371039
55.9105782 37.7363579
55.7295676 37.5900657
55.7711261 37.7378198
55.5330098 37.4978678
55.7540471 37.620405
55.7635666 37.6166351
55.8106202 37.8305121
55.7543416 37.7525485
55.7095324 37.5906422
55.7393349 37.4929069
55.855693 37.6298602
55.704819 37.6683838
55.7512173 37.5846803
55.7274498 37.4799621
55.7168633 37.5924012
55.755013 37.697639
55.789411 37.498887
55.699938 37.635314
55.6483227 37.549848
55.8423945 37.493076
55.7572795 37.6329577
55.7210615 37.4380002
55.559237 37.577822
55.7655011 37.6500687
55.7658529 37.6611719
55.7462999 37.5921123
55.7640614 37.6022258
55.7982248 37.5851884
55.792265 37.78712
55.6068189 37.5895048
55.7118626 37.6266537
55.7315615 37.6369033
55.661796 37.729592
55.5304872 37.3885665
55.8459869 37.576124
55.895525 37.390128
55.6103839 37.7402482
55.7473204 37.5835353
55.7584469 37.6410199
55.7211469 37.635767
55.8673633 37.5263488
55.7627273 37.5302626
55.7588929 37.6106286
55.6022433 37.6668997
55.704783 37.927042
55.8675269 37.6378657
55.8280354 37.5952717
55.726315 37.399399
55.7083007 37.5109896
55.7590123 37.6643824
55.7570521 37.61711
55.7787154 37.5894314
55.7379968 37.8467686
55.6743647 37.7692914
55.7822125 37.6005235
55.6690617 37.4535741
55.7260208 37.5814116
55.7166201 37.7457246
55.7469909 37.5880121
55.542813 37.477929
55.6727083 37.4718888
55.7816611 37.5917282
55.5694959 37.4386374
55.7540471 37.620405
55.7540471 37.620405
55.7953686 37.6170979
55.572594 37.473635
55.7042546 37.5956795
55.7500682 37.5931081
55.803 37.59155
55.7452245 37.6530464
55.7725913 37.663437
55.815873 37.505924
55.6594238 37.6076771
55.7601048 37.624912
55.8423111 37.4806514
55.6980583 37.4968046
55.7437941 37.7658299
55.801835 37.532107
55.6318925 37.4831513
55.7171968 37.8105134
55.680717 37.546749
55.8026869 37.5589084
55.4499789 37.5280652
55.8041492 37.7556436
55.819836 37.4952994
55.991893 37.21439
55.6879196 37.5865695
55.7408905 37.6506999
55.7431382 37.673987
55.670021 37.55248
55.7864513 37.7042274
55.7483239 37.5439649
55.798986 37.806461
55.671605 37.504088
55.644689 37.400099
55.7576833 37.6407239
55.7492839 37.5395966
55.8427546 37.3714806
55.7428163 37.8669543
55.6518837 37.689549
55.7843567 37.5971945
55.6735326 37.7509081
55.6134053 37.606291
55.7301798 37.6262791
55.4319492 37.2732057
55.816654 37.8030095
55.7681318 37.6774016
55.815696 37.600172
55.777685 37.4579573
55.7414685 37.53588
55.7667128 37.5974709
55.7341024 37.5720025
55.7436072 37.6997092
55.5462406 37.5577082
55.7211523 37.4017678
55.680266 37.5707297
55.7902749 37.8153749
55.8442631 37.3836731
