56.29429523166343 37.49100389714106
55.7710459 37.6298359
55.699106 37.634721
55.7880662 37.5837004
55.609472 37.579439
55.7466675 37.6625918
55.7262269 37.6467069
55.7599312 37.7935025
55.7247224 37.7584091
55.6600249 37.7358612
55.7347528 37.8204087
55.8150162 37.687284
55.70782 37.7428965
55.82496 37.412477
55.7423567 37.6715791
55.8034214 37.5912477
55.7694961 37.6672985
55.743507 37.407744
55.756766 37.646687
55.7490538 37.7902438
55.7082779 37.4841843
55.8486101 37.3587139
55.7289971 37.6910987
55.631863 37.467614
55.7540471 37.620405
55.5430873 37.5317553
55.5360265 37.4994314
55.6125742 37.695941
55.6210902 37.6686777
55.741169 37.5889597
55.9846239 37.1599088
55.84255 37.484244
55.7467506 37.6033794
55.7473851 37.653546
55.99219 37.253153
55.8576697 37.5706667
55.8264855 37.6537233
55.624637 37.313295
55.6660129 37.7533666
55.7644252 37.5322533
55.7007641 37.6793211
55.9988351 37.1974296
55.6808843 37.578875
55.78077 37.696885
55.6241103 37.6761932
55.7675303 37.6412269
55.7050872 37.6895167
55.801771 37.4021604
55.7923215 37.7986852
55.865152 37.472081
55.7525456 37.7718395
55.7525262 37.604679
55.7820608 37.7097813
55.7314136 37.7655951
55.7930263 37.7362699
55.7346 37.8555526
55.600643 37.356657
55.757111 37.583086
55.656641 37.742043
55.7552234 37.56151
55.7345146 37.7474732
55.6944189 37.8255624
55.763531 37.6238688
55.82446 37.529897
55.7296301 37.6330371
55.672199 37.492329
55.7494073 37.645194
55.77961 37.6050254
55.82844 37.4671133
55.991893 37.21439
55.7656379 37.6130529
55.778426 37.525468
55.7510163 37.698597
55.637754 37.321461
55.619599 37.417167
55.7540471 37.620405
55.7283442 37.5805472
55.5262121 37.3440147
55.8569668 37.5784726
55.7588985 37.5635698
55.7676546 37.6949812
55.7464474 37.3972118
55.803434 37.4878838
55.7716487 37.5959332
55.694109 37.565946
55.8070353 37.6418917
55.8328143 37.5237939
55.7626812 37.565948
55.7540471 37.620405
55.7815155 37.5704105
55.7656 37.635116
55.7571521 37.5911934
55.7242458 37.6428178
55.7609384 37.6631296
55.680742 37.453926
55.7959032 37.700412
55.7856824 37.6742495
55.6998051 37.7654244
55.793146 37.390676
55.8876459 37.634614
55.6581986 37.5219733
55.7722789 37.7090382
55.673458 37.591198
55.682808 37.537029
55.6437797 37.7415833
55.7277427 37.6860874
55.742071 37.6866477
55.738754 37.5771349
55.8415461 37.504852
55.7012305 37.6049738
55.8583771 37.6692869
55.639613 37.622926
55.492997 37.50531
55.6752441 37.7479532
55.8226479 37.6242331
55.7846639 37.7051247
55.844637 37.475135
55.7688808 37.5045646
55.7642998 37.7733285
55.7021256 37.8144345
55.7168364 37.6898849
55.815145 37.637461
55.8823954 37.6415637
55.7022052 37.6814284
55.785721 37.495033
55.7637426 37.6423234
55.7659574 37.6213544
55.4711798 36.9274279
55.765277 37.7031077
55.7452017 37.5892996
55.7643786 37.6315021
55.7116542 37.6452363
55.6064592 37.6654417
55.6836062 37.9151886
55.6724568 37.4396683
55.725033 37.638885
55.8790388 37.5809968
55.7413525 37.5783334
55.6851472 37.7180105
55.616081 37.407447
55.7091748 37.5465948
55.683397 37.459568
55.7108809 37.8496888
55.644882 37.702679
55.7164639 37.8597638
55.725138 37.775272
55.6279276 37.7547167
55.634144 37.441014
55.5936539 37.5961475
55.6063007 37.4106629
55.775302 37.84207
55.729004 37.6238362
55.541004 37.493225
55.6788976 37.4511321
55.8401207 37.4152983
55.7970046 37.4948217
55.7637357 37.6139422
55.7458847 37.7842476
55.7465991 37.776493
55.7962537 37.6207845
55.8545883 37.3512195
55.7269519 37.5703364
55.8054604 37.4621975
55.5502718 37.5714149
55.7377782 37.4063659
55.617459 37.472153
55.7528022 37.7510269
55.6820705 37.5377978
55.577546 37.597163
55.604097 37.607862
55.8761444 37.6723285
55.7781223 37.7379737
55.5998667 37.345836
55.6846966 37.5455101
55.6732748 37.7330544
55.494257 37.3288319
55.767237 37.8240998
55.8217773 37.630323
55.7194371 37.6943629
55.7819197 37.7464093
55.773631 37.5872
55.734645 37.6438276
55.7808208 37.7104556
55.636261 37.7692046
55.802269 37.5828814
55.66337 37.5669892
55.740149 37.5647697
55.788849 37.568776
55.6254334 37.6771228
55.7619331 37.6227787
55.7292821 37.5443987
55.560866 37.57793
55.7089502 37.7440708
55.750054 37.596776
55.7487721 37.6497089
55.7418846 37.525368
55.7586807 37.4341296
55.8269717 37.5015684
55.8142933 37.6618238
55.8930651 37.6603826
55.6808174 37.5886855
55.8376365 37.3807013
55.7091768 37.6169238
55.8311577 37.446055
55.6040129 37.171719
55.740535 37.4083302
55.4665213 37.3003572
55.6118697 37.6018918
55.7684711 37.5751607
55.7509791 37.597737
55.845158 37.488538
55.662034 37.618686
55.7464055 37.67398
55.7337818 37.5881195
55.7314743 37.4252162
55.7540471 37.620405
55.7052144 37.8195228
55.706365 37.477462
55.7092912 37.79807
55.7826371 37.7234356
55.6197163 37.7619609
55.7956875 37.5162304
55.7540471 37.620405
55.7182626 37.6302033
55.4789567 37.5600934
55.988595 37.234728
55.7601003 37.651739
55.828324 37.439257
55.773136 37.8236153
55.6523859 37.5162101
55.8834576 37.5390156
55.874534 37.5978511
55.7903992 37.6789569
55.1700964 37.075285
55.7329001 37.5791238
55.7337365 37.5895545
55.8250906 37.5882407
55.776358 37.6369212
55.6385193 37.7438676
55.870267 37.6116343
55.7177036 37.5088947
55.8789772 37.7294417
55.7643691 37.6521756
55.8204701 37.6480342
55.788424 37.743929
55.740525 37.521483
55.745519 37.511975
55.418957 37.264076
55.8054794 37.3739377
55.7479404 37.6437411
55.7879405 37.6332171
55.8197103 37.7000376
55.4709069 37.2896973
55.6350866 37.6113133
55.66965 37.611482
55.8028568 37.755492
55.7854703 37.6020159
55.8085402 37.8336869
55.7910293 37.4684814
55.577169 37.179823
55.6641218 37.4811242
55.7875745 37.4524996
55.7705112 37.5684042
55.6830383 37.6245068
55.6031664 37.3583361
55.6076716 37.5928887
55.7681149 37.6839553
55.8299148 37.6200137
55.5270344 37.2195352
55.7615709 37.6543276
55.7662956 37.6495406
55.7030073 37.5160117
55.6834148 37.7312619
55.7613539 37.6630378
55.7270235 37.6113942
55.6387399 37.6076122
55.794644 37.753649
55.5093509 37.3714874
55.7185546 37.8062792
55.7831892 37.599194
55.7652784 37.5811281
55.676985 37.8002097
55.672199 37.492329
55.6012203 37.664664
55.8892292 37.5145598
55.7628325 37.6287064
55.7800209 37.4728016
55.8050316 37.5435843
55.779196 37.574318
55.6293065 37.308962
55.662151 37.764052
55.8320572 37.5928664
55.7385571 37.6619964
55.6427736 37.7915115
55.7540471 37.620405
55.6451912 37.3499862
55.7120604 37.9473772
55.8342422 37.4951497
55.7556507 37.6773738
55.595496 37.342975
55.5189777 37.3450813
55.580573 37.6875683
55.6516669 37.3433843
55.700004 37.565084
55.7631984 37.5731111
55.564811 37.499004
55.7193274 37.5730225
55.8155373 37.6614224
55.753001 37.6651044
55.720722 37.816441
55.8167962 37.4896482
55.7979643 37.5220616
55.8077429 37.7981251
55.9019228 37.5777026
55.9797562 37.2543688
55.7641579 37.5569718
55.7301272 37.643906
55.839142 37.3634902
55.7931909 37.6356712
55.6853025 37.6925053
55.6107299 37.3280366
55.6686998 37.5374837
55.7399633 37.745386
55.731663 37.738764
55.8107714 37.5926207
55.874293 37.7223483
55.79306 37.496291
55.7589289 37.5853626
55.6633928 37.6168523
55.8200637 37.7017292
55.5314243 37.4551281
55.88926 37.664753
55.8374726 37.357555
55.6344283 37.4749065
55.6434117 37.6547451
55.8038026 37.3012335
55.7599505 37.6564833
55.8229405 37.6306522
55.7217769 37.62877
55.66636 37.5753691
55.5481934 37.5514914
55.8023357 37.7868249
55.7379792 37.6589727
55.7505688 37.5326929
55.8376743 37.6220802
55.802158 37.656577
55.7634769 37.6352329
55.8500772 37.590085
55.861479 37.4764169
55.8315487 37.5911959
55.885623 37.5246202
55.7729257 37.7071686
55.7195318 37.6496042
55.863212 37.534739
55.7407481 37.609261
55.6726226 37.4582326
55.7086805 37.6139902
55.6930681 37.7561424
55.8905813 37.581505
55.7751448 37.5225058
55.7239387 37.4370897
55.8253356 37.5652339
55.7365223 37.5824328
55.775375 37.6308405
55.724766 37.911003
55.6136448 37.6187736
55.739172 37.6332025
55.4846387 37.3067639
55.7831411 37.7341356
55.6573644 37.7331026
55.7221449 37.7547867
55.6029102 37.7296195
55.8494143 37.6846865
55.6439971 37.4057997
55.7237792 37.6898262
55.7425168 37.6332564
55.7837506 37.708952
55.7482511 37.5881686
55.735459 37.625208
55.7783055 37.6996757
55.5140877 37.3715925
55.7101463 37.9360798
55.474739 37.494379
55.638607 37.524722
55.792072 37.6279041
55.865611 37.699265
55.5037457 37.5888382
55.6144538 37.5913512
55.621612 37.47368
55.592658 37.45919
55.7433635 37.8623881
55.6277391 37.6781747
55.765615 37.615578
55.7737572 37.4720641
55.7865392 37.7273379
55.7024507 37.6717058
55.760449 37.737767
55.8123668 37.8309017
55.7930975 37.4010222
55.873839 37.547818
55.634705 37.324174
55.6826803 37.4393492
55.763057 37.508894
55.7580231 37.550773
55.7503146 37.8172742
55.6832832 37.7314886
55.7988552 37.6069348
55.8064601 37.5849954
55.6108493 37.6006381
55.7051489 37.8208861
55.844288 37.371515
55.669691 37.491638
55.7221072 37.7958181
55.8739397 37.4632499
55.763265 37.514994
55.6349749 37.3457319
55.7792039 37.4709715
55.624978 37.415494
55.7129476 37.7514462
55.7622002 37.6319466
55.699487 37.4624919
55.7963983 37.8099863
55.7324725 37.633482
55.6781706 37.5981736
55.64478 37.680616
55.7208505 37.4516114
55.845658 37.4267098
55.7540471 37.620405
55.7569699 37.4090429
55.999102 37.2237854
55.737416 37.6167724
55.6558479 37.5515615
55.603793 37.7358066
55.7731715 37.6330449
55.7540471 37.620405
55.7662326 37.7241933
55.7430162 37.6009581
55.6800227 37.5688108
55.616869 37.609973
55.7369338 37.622555
55.7425338 37.5785156
55.7518623 37.6977468
55.69863 37.474534
55.8322396 37.4518833
55.868821 37.4978243
55.7645263 37.6455947
55.7793432 37.6719003
55.7438342 37.6380379
55.737087 37.540167
55.763461 37.5927886
55.7619152 37.5634221
55.738158 37.6316722
55.7706005 37.4227664
55.8554522 37.4722337
55.829937 37.634308
55.8750956 37.4699014
55.91019 37.537892
55.7540471 37.620405
55.6167009 37.7819177
55.6323749 37.479331
55.8027588 37.5944666
55.6675602 37.4562733
55.6110635 37.5905491
55.7389446 37.6148069
55.8121086 37.6263173
55.881694 37.67753
55.763787 37.5479152
55.4765308 37.3018844
55.779013 37.701412
55.704681 37.654448
55.7814356 37.7250043
55.7790021 37.6389534
55.8168617 37.6428839
55.7468652 37.6831078
55.7081715 37.6979914
55.7705184 37.6448116
55.5412836 37.5036481
55.7880174 37.6307341
55.7511078 37.7543004
55.4678818 36.8793266
55.7603735 37.7216575
55.3475177 37.2956326
55.7540471 37.620405
55.6216611 37.647367
55.7540471 37.620405
55.6295399 37.741081
55.754937 37.784982
55.6212298 37.3123333
55.7201112 37.6289744
55.7720812 37.6534416
55.8118506 37.6552962
55.7231835 37.6203353
55.880162 37.508921
55.771413 37.583266
55.6547457 37.7028552
55.8662209 37.6646005
55.7633064 37.6561763
55.8928765 37.5914999
55.524355 37.513961
55.7970878 37.6541347
55.713051 37.7323565
55.6054029 37.7228636
55.6682267 37.6262557
55.7578491 37.650643
55.700332 37.9345929
55.7699727 37.467305
55.6055205 37.3540695
55.9400378 37.5692391
55.5404174 37.5728901
55.5398595 37.5445704
55.6916261 37.7225534
55.6871366 37.5455917
55.6394116 37.356872
55.6505428 37.8309281
55.7383762 37.5762843
55.7040553 37.615811
55.687489 37.6280258
55.7646889 37.7042876
55.7532376 37.5864208
55.664219 37.7500373
55.7045542 37.7670578
55.6445016 37.5933729
55.7575641 37.6407945
55.774556 37.6292295
55.8233021 37.4503223
55.7792389 37.5171963
55.7928511 37.7916369
55.715931 37.804179
55.7036974 37.8404043
55.597546 37.347647
55.8497218 37.3534016
55.7747617 37.6678263
55.54429 37.486957
55.7131514 37.7950963
55.7379006 37.581116
55.691052 37.7297263
55.7559876 37.6520097
55.8576403 37.4427557
55.5699217 37.2816856
55.8107573 37.7250805
55.7232137 37.6852335
55.7733623 37.6696553
55.870036 37.66738
55.7498741 37.8025086
55.7712819 37.5383565
55.7401013 37.3956081
55.858401 37.6726555
55.804317 37.6183004
55.7256403 37.7415759
55.7784793 37.639328
55.6830256 37.6404209
55.8486324 37.5142898
55.7474236 37.6048764
55.7455527 37.4874829
55.81217 37.638773
55.669917 37.542758
55.8023006 37.7940271
55.90968 37.540721
55.822277 37.7552585
55.6993317 37.4075348
55.5945763 37.6081667
55.8475502 37.3537666
55.8869642 37.4953985
55.6651809 37.4975072
55.793222 37.813172
55.7462229 37.6333536
55.7605395 37.6649307
55.800587 37.3882781
55.6365138 37.5146864
55.761046 37.641011
55.859231 37.468389
55.8496262 37.6700762
55.8036194 37.7401268
55.6623589 37.491235
55.7265338 37.4794193
55.842221 37.570573
55.7445557 37.7191863
55.7139352 37.7185647
55.8836678 37.6536203
55.8506475 37.4307195
55.7456809 37.6848759
55.7405872 37.5928513
55.7910603 37.7861909
55.7037293 37.6857642
55.7465861 37.7118113
55.857355 37.5613673
55.7867598 37.5232787
55.7108898 37.7649388
55.7449209 37.6260878
55.7967779 37.7331339
55.8710322 37.6783955
55.6043983 37.4896057
55.7787925 37.4601541
55.7361254 37.479998
55.8368536 37.5353998
55.7561746 37.5188147
55.8274522 37.4782449
55.7345791 37.4146001
55.7382886 37.6146675
55.741727 37.5989846
55.883296 37.5362811
55.6462468 37.7322785
55.7714566 37.6469804
55.7978485 37.4068822
55.610834 37.450261
55.822953 37.508822
55.666746 37.555777
55.4701748 37.2960818
55.8255088 37.7587933
55.991173 37.21819
55.7862851 37.7266017
55.7035131 37.7438762
55.8507485 37.5003928
55.624947 37.726834
55.6447164 37.5906693
55.7004789 37.6926357
55.674211 37.4548046
55.6199541 37.5429254
55.8002338 37.5787401
55.7515435 37.5007287
55.770826 37.676637
55.6747005 37.5704239
55.7306978 37.6281744
55.7621097 37.5972153
55.7632289 37.7433294
55.7579683 37.6395872
55.7377868 37.6022286
55.8587363 37.4243639
55.6404376 37.6707554
55.7598464 37.6650193
55.514386 37.559963
55.829037 37.617276
55.7204018 37.7475942
55.7672576 37.7377778
55.7588335 37.5720722
55.7365946 37.5897706
55.710083 37.510251
55.8992647 37.5850731
55.8293687 37.4155608
55.7318156 37.5808397
55.59846 37.5541853
55.803838 37.513997
55.787808 37.5916929
55.7319113 37.6785374
55.804192 37.513368
55.6795133 37.5579957
55.818082 37.5093209
55.8215608 37.6567393
55.8100156 37.4794228
55.7472607 37.631561
55.696341 37.62307
55.8213145 37.7279254
55.7899197 37.605754
55.7599895 37.7146587
55.6257058 37.5950391
55.5334634 37.5027642
55.822979 37.526735
55.8860922 37.6721509
55.7738151 37.4646572
55.700884 37.4017793
55.7790311 37.5917923
55.78931 37.4798794
55.6832015 37.437013
55.7650911 37.5696684
55.7805595 37.4838417
55.7551011 37.8296187
55.8688764 37.5724238
55.8266766 37.5963734
55.8420498 37.5719781
55.6652151 37.7707951
55.7467358 37.668164
55.7177312 37.7102075
55.7806995 37.5613274
55.8341582 37.6264071
55.6205656 37.6967727
55.7669952 37.6327896
55.793581 37.7888
55.820021 37.4659091
55.7219156 37.5905778
55.774105 37.608938
55.8161297 37.4610876
55.6661377 37.5457713
55.557983 37.557316
55.581171 37.707308
55.8053702 37.6518798
55.8071419 37.5842259
55.7891041 37.6278065
55.7941861 37.6744699
55.7926563 37.6326952
55.6722914 37.5772399
55.7544039 37.6419954
55.754086 37.652661
55.6464674 37.6398457
55.7224846 37.5739661
55.7647161 37.4945096
55.6047317 37.5233673
55.6879767 37.5966188
55.7049974 37.7236379
55.7544812 37.655621
55.8918851 37.5360841
55.7956412 37.6038278
55.7417026 37.5934698
55.7577669 37.4339106
55.7627084 37.6611861
55.6879888 37.5714443
55.7620135 37.6284333
55.8052511 37.5850027
55.766577 37.6533691
55.7833464 37.6914915
55.7396456 37.6675873
55.7613587 37.5124954
55.771575 37.6203505
55.8662929 37.7083549
55.7296197 37.5405825
55.8472636 37.3433268
55.7442472 37.8766043
55.65433 37.557906
55.6989289 37.7054702
55.7768286 37.5972108
55.7995864 37.532149
55.8362448 37.6266621
55.7437889 37.5560633
55.7569794 37.7508195
55.7652001 37.6312299
55.811401 37.575181
55.5216812 37.22095
55.7872348 37.5113809
55.824314 37.4963
55.7622187 37.5951946
55.808078 37.495716
55.7936182 37.804001
55.4959419 37.5475922
55.557536 37.422674
55.8637485 37.5016524
55.8329388 37.4544201
55.7606193 37.6820732
55.987865 37.233983
55.7897684 37.3937453
55.7502801 37.784286
55.751233 37.606457
55.7440541 37.6287804
55.7546496 37.7909707
55.758908 37.645425
55.5256251 37.4423311
55.7322099 37.4051158
55.7540471 37.620405
55.7537421 37.6521473
55.7489744 37.5429735
55.7211744 37.4186662
55.580407 37.6832954
55.6515012 37.4886363
55.6939478 37.8245611
55.7170461 37.5788952
55.7475547 37.6600964
55.6834567 37.6949904
55.843687 37.482627
55.684007 37.5710119
55.6019003 37.6025061
55.6471848 37.4834964
55.7276605 37.5699044
55.6307948 37.6013793
55.670041 37.5019042
55.694942 37.8076413
55.775293 37.7022609
55.8588456 37.500089
55.682661 37.6139448
55.7002694 37.6584595
55.4759451 36.9000257
55.7295676 37.5880451
55.735761 37.5250109
55.7533317 37.750302
55.3725025 37.3450103
55.5795738 37.6106535
55.8872318 37.5376883
55.726386 37.56671
55.6614345 37.5281457
55.8110334 37.7221936
55.7830601 37.7027472
55.7398147 37.6708043
55.6529692 37.7555241
55.569169 37.479717
55.6097905 37.4932907
55.7952707 37.5231424
55.645878 37.526528
55.7730877 37.5436212
55.3718351 37.3539524
55.6966 37.7481869
55.8193985 37.4852709
55.6760264 37.6411301
55.649505 37.374003
55.414859 37.190432
55.7976817 37.7970248
55.6739793 37.6143114
55.9010284 37.540952
55.6019003 37.6647246
55.8716054 37.6371795
55.612955 37.486221
55.6626547 37.7470714
55.7649645 37.6082868
55.770072 37.5708838
55.7717154 37.6035522
55.6382815 37.7619514
55.4713667 37.2922659
55.805913 37.723304
55.7694024 37.6207099
55.542976 37.479753
55.8154145 37.6361931
55.7323675 37.6302036
55.857644 37.505903
55.604441 37.5940411
55.681671 37.515353
55.7535214 37.586248
55.8190883 37.7046237
55.5456439 37.5614456
55.683909 37.621552
55.629242 37.799086
55.7119376 37.8584286
55.8680768 37.5197486
55.6831456 37.6481969
55.7650631 37.5987111
55.631112 37.798098
55.7568619 37.5660287
55.797787 37.497162
55.7751863 37.5838069
55.6653418 37.4680909
55.8407944 37.3838601
55.7782822 37.4614092
55.68462 37.541512
55.8329953 37.4593203
55.7615722 37.5542519
55.7538524 37.6573788
55.7479942 37.7553368
55.6469977 37.4104259
55.559746 37.575639
55.8922812 37.5723797
55.7671092 37.6199322
55.6079257 37.6529571
55.8701722 37.5736577
55.836763 37.4421548
55.625938 37.724202
55.6387117 37.7704041
55.8926037 37.6667456
55.6635324 37.6053628
55.7405128 37.5319919
55.7741172 37.5297227
55.7290581 37.6806094
55.7469429 37.6576769
55.8752246 37.4905073
55.8649826 37.6146037
55.7760983 37.5861112
55.5785808 37.4818247
55.800448 37.594584
55.7611658 37.6476418
55.5501964 37.4619101
55.6808891 37.5242676
55.802786 37.659685
55.6829882 37.4577116
55.7069156 37.4819337
55.47574 37.538359
55.7888215 37.581944
55.7882431 37.70665
55.7539886 37.6501819
55.670456 37.5774195
55.8270948 37.631145
55.568801 37.5688992
55.5844161 37.1275783
55.816325 37.8655449
55.5849632 37.4735636
55.744133 37.5858063
55.7715003 37.6329896
55.8081717 37.4079571
55.7182545 37.6238539
55.7540471 37.620405
55.7467543 37.6901037
55.736691 37.693857
55.7232484 37.7812827
55.80956 37.638117
55.749844 37.7746816
55.8126074 37.8215318
55.7792389 37.5171963
55.8501092 37.4487324
55.7354033 37.6322506
55.5483201 37.5595082
55.7841132 37.5607829
55.7511376 37.6105363
55.690654 37.539581
55.6060505 37.5433131
55.8119835 37.8163978
55.8893963 37.6724642
55.7545464 37.7513244
55.8832603 37.6046513
55.6544829 37.602374
55.6093345 37.7582183
55.7592233 37.5719692
55.8768012 37.52084
55.7596479 37.531486
55.8115688 37.5328289
55.7589566 37.6548378
55.7555644 37.5628099
55.7649381 37.5877218
55.777844 37.69295
55.8323867 37.6342836
55.7156707 37.6726018
55.8822342 37.6352911
55.7120742 37.7440715
55.633043 37.67449
55.70005 37.609317
55.74677 37.490281
55.78522 37.614725
55.8495157 37.5304496
55.8212499 37.7348519
55.7110833 37.6150949
55.807935 37.5225474
55.8719287 37.5917383
56.0098372 37.1992705
55.662359 37.48587
55.8286266 37.4447088
55.7543659 37.4321805
55.6424058 37.6180782
55.8471899 37.3675748
55.8818209 37.4925545
55.7486285 37.6003383
55.8056983 37.5409099
55.7540471 37.620405
55.882828 37.587937
55.7520518 37.5861083
55.6168073 37.6221522
55.8590314 37.4175107
55.7115271 37.4997757
55.8397633 37.5428019
55.7009748 37.933564
55.675991 37.623025
55.7645 37.600175
55.939882 37.364697
55.6807043 37.6963539
55.7268405 37.4549209
55.584512 37.604502
55.761796 37.6831665
55.7318087 37.4739125
55.566145 37.465065
55.8665832 37.4825304
55.8251961 37.5980161
55.509202 37.585296
55.7699727 37.6204537
55.7963704 37.5664795
55.8117311 37.7294115
55.723166 37.706542
55.8543551 37.4372893
55.7090588 37.8822435
55.7426418 37.6321661
55.7999151 37.7140573
55.8610595 37.4510599
55.674651 37.496506
55.7943726 37.6955816
55.577902 37.194089
55.572309 37.452875
55.861843 37.51887
55.8958062 37.5190977
55.7927883 37.8194845
55.7449984 37.764278
55.634032 37.444612
55.6642952 37.6514174
55.689458 37.5315663
55.8461651 37.6567711
55.7937961 37.7121093
55.8708461 37.5379714
55.7540471 37.620405
55.659426 37.7358422
55.8227935 37.5064626
55.6023129 37.7305835
55.8373079 37.5216187
55.6457014 37.6083236
55.759035 37.658293
55.7045979 37.460633
55.7374978 37.6068452
55.836757 37.641018
55.686843 37.573241
55.6477694 37.392604
55.7515179 37.5782642
55.7793264 37.6449842
55.7684927 37.614807
55.7540471 37.620405
55.7826628 37.7081808
55.7721442 37.4614024
55.8032376 37.7954403
55.6429417 37.6001676
55.7647327 37.6156583
55.741237 37.4963437
55.6177874 37.3919544
55.7766227 37.5887693
55.7367722 37.4293046
55.87593 37.547719
55.7532554 37.6695223
55.6204272 37.710952
55.611307 37.696741
55.7945564 37.5182303
55.7917569 37.5834142
55.7457323 37.8137174
55.7010691 37.7357422
55.8915431 37.4025256
55.721077 37.62157
55.7512425 37.6552079
55.7598107 37.6458478
55.7933368 37.5926988
55.4310745 37.27381
55.7424425 37.6314765
55.6413123 37.6152176
55.6229013 37.7010551
55.8730121 37.4927046
55.8065625 37.643878
55.6450413 37.6714362
55.7593817 37.6646736
55.728949 37.6469191
55.7585083 37.8049116
55.7865029 37.6254572
55.605378 37.413322
55.7927002 37.7989442
55.8808771 37.68476
55.778573 37.726745
55.7980738 37.5440389
55.7148343 37.4332009
55.7627772 37.5918119
55.7253737 37.4684559
55.930453 37.54506
55.7737295 37.6302715
55.713097 37.389927
55.6023475 37.6221783
55.7122469 37.6275462
55.8303773 37.6177211
55.7209533 37.8576982
55.7688808 37.5068972
55.7033616 37.7038982
55.6552856 37.597808
55.8126021 37.5277346
55.7644921 37.6687011
55.6759359 37.4731414
55.7787716 37.7322093
55.849691 37.620905
55.7720726 37.6131056
55.7357464 37.4391267
55.6605071 37.6982723
55.6209089 37.6093805
55.8681127 37.4940822
55.680459 37.554295
55.7540471 37.620405
55.7711418 37.6601866
55.78101 37.8412064
55.6881681 37.5319673
55.7369712 37.649304
55.7671966 37.6076172
55.6605229 37.4669319
55.7553168 37.5302629
55.6901061 37.5692262
55.7868303 37.5747554
55.7447625 37.669277
55.725634 37.6430586
55.4406765 37.2913008
55.7045172 37.5148341
55.7424051 37.5464294
55.8291182 37.6712009
55.7540471 37.620405
55.7465563 37.5374209
55.7947287 37.6082539
55.7809611 37.6983353
55.868698 37.43985
55.7606281 37.6223739
55.5216822 37.3467958
55.6679357 37.4705583
55.8160979 37.4050687
55.814325 37.639285
55.8196038 37.7895166
55.8467144 37.6569566
55.875753 37.447279
55.9063031 37.3857561
55.7363514 37.8155936
55.85062 37.6373534
55.7725302 37.6129211
55.808002 37.635853
55.7540471 37.620405
55.7154783 37.7643041
55.5946719 37.2204842
55.7565268 37.6064297
55.7990309 37.6941132
55.67776 37.620323
55.5006439 37.5584444
55.7346618 37.5853773
55.7560345 37.6755971
55.811613 37.7591824
55.729546 37.5812021
55.7349448 37.570992
55.7540471 37.620405
55.8954545 37.5185828
55.347924 37.3924159
55.7218692 37.7959203
55.790757 37.791863
55.69861 37.92377
55.5000106 37.5700724
55.702896 37.920692
55.590229 37.3680028
55.6424058 37.6180782
55.8026578 37.7943913
55.879495 37.539877
55.7460413 37.6314248
55.731242 37.561095
55.8286439 37.8298472
55.7820146 37.5097171
55.3099319 37.1837414
55.6199269 37.6584979
55.7220682 37.6329719
55.73683 37.648244
55.7540471 37.620405
55.7159444 37.3894889
55.699406 37.624444
55.7175436 37.5116058
55.7450064 37.6308446
55.7295073 37.6829734
55.5453312 37.1547594
55.7836967 37.7120757
55.8087334 37.7719518
55.818372 37.523779
55.7840704 37.7201828
55.7488479 37.5878572
55.878056 37.507906
55.69863 37.474534
55.8315857 37.510792
55.7653014 37.6329038
55.631803 37.41926
55.7103446 37.6321715
55.681671 37.515353
55.6213292 37.7588804
55.7318248 37.6028291
55.7208992 37.7871735
55.7029147 37.9410001
55.7712522 37.6255833
55.8429785 37.5477265
55.8688881 37.6800303
55.7623073 37.7411202
55.7476704 37.6276266
55.7808074 37.7298536
55.6900847 37.7177847
55.7993403 37.5608725
55.6874202 37.5516087
55.7369825 37.5026019
55.8859993 37.6870136
55.8644439 37.5938824
55.643287 37.768301
55.844288 37.371515
55.7033616 37.7038982
55.754578 37.694953
55.6826538 37.525341
55.6856642 37.4912268
55.752342 37.6414848
55.7416091 37.660041
55.8097517 37.7977097
55.7452327 37.6177654
55.596452 37.513287
55.577867 37.595375
55.6840947 37.4819691
55.889043 37.54065
55.65887 37.573627
55.801054 37.637273
55.7525365 37.5481173
55.6122552 37.5864333
55.8807744 37.5877789
55.997567 37.218649
55.6822351 37.4595687
55.7035135 37.7762164
55.7730254 37.7261054
55.57637 37.43649
55.7110833 37.6150949
55.7643526 37.8005276
55.7653095 37.5893474
55.6117078 37.3288669
55.7667881 37.7353665
55.6978733 37.4954822
55.5894047 37.4539863
55.78123 37.5448113
55.6073501 37.6458254
55.7537537 37.6369541
55.8427089 37.4959679
55.7580295 37.7715102
55.6779795 37.755502
55.6377984 37.5421616
55.7370729 37.6423477
55.7448138 37.6673336
55.8675428 37.4829975
55.7630083 37.6577368
55.630609 37.514715
55.7428862 37.8618037
55.7323531 37.630545
55.7740415 37.5845414
55.650729 37.492635
55.774105 37.608938
55.8724139 37.5388564
55.7458107 37.6579272
55.7571795 37.6078733
55.6767833 37.5689589
55.7947719 37.3960911
55.8679392 37.6642761
55.7661385 37.6321897
55.8250521 37.6433297
55.7975888 37.5694426
55.7551327 37.6369508
55.5661074 37.5784979
55.757782 37.6330957
55.7934478 37.6785912
55.8698261 37.708639
55.7792757 37.6631762
55.6342752 37.4816614
55.646121 37.672522
55.6564869 37.4047346
55.6951052 37.5301361
55.7771565 37.5881584
55.6115843 37.596236
55.6784225 37.5609425
55.8177618 37.8071743
55.6147005 37.6934709
55.606843 37.539131
55.5689659 37.5818868
55.8208894 37.6327621
55.675808 37.436292
55.8827698 37.6463357
55.678453 37.436849
55.7287158 37.7750679
55.7439612 37.5469584
55.6240204 37.6086915
55.7396452 37.5999937
55.7401518 37.5659316
55.8126292 37.5727274
55.804857 37.8278314
55.73924 37.613979
55.776932 37.632808
55.6647178 37.7660189
55.6906484 37.5615897
55.7429654 37.6538584
55.653878 37.645528
55.635528 37.52616
55.8852813 37.5976815
55.6088683 37.6629162
55.5971914 37.657413
55.6962805 37.8542538
55.8661367 37.6069065
55.7718792 37.5962361
55.8475862 37.3825474
55.6485011 37.6097392
55.6164639 37.7351241
55.544267 37.548557
55.7809297 37.6069591
55.7107521 37.4046713
55.8058225 37.5071265
55.8910361 37.6016312
55.7114009 37.6795332
55.8551233 37.3473445
55.6834737 37.5719648
55.8864755 37.6568096
55.7737314 37.6394183
55.7581904 37.5952373
55.7078047 37.8001223
55.86721 37.47411
55.573315 37.56901
55.7320599 37.4619903
55.738054 37.6348339
55.825957 37.727823
55.673258 37.7504533
55.7987127 37.6142569
55.7685199 37.7162166
55.7783005 37.6045011
55.810688 37.63676
55.889523 37.544162
55.8550678 37.684377
55.6991408 37.8480686
55.7420969 37.6534769
55.643713 37.480849
55.6469391 37.5965824
55.7846645 37.6603013
55.6982191 37.5515833
55.720956 37.773619
55.8229163 37.6062125
55.8909073 37.3913632
55.8222948 37.6494631
55.8583849 37.6232859
55.607255 37.592402
55.7481299 37.5145009
55.7512016 37.7606628
55.7917382 37.4875562
55.7535098 37.7915913
55.785351 37.482502
55.7660949 37.585463
55.7880072 37.7305672
55.817987 37.61653
55.685975 37.474884
55.6455549 37.3536297
55.6560111 37.7641581
55.789684 37.612641
55.76368 37.598124
55.8430548 37.3668626
55.8495483 37.4057654
55.7037293 37.6857642
55.6286316 37.4741407
55.6336762 37.7424287
55.7362085 37.6247928
55.67962 37.623888
55.8423054 37.5345854
55.7313684 37.5919408
55.7100416 37.6862464
55.8588546 37.5115211
55.7656435 37.5977487
55.710083 37.39232
55.7026152 37.7568792
55.7654092 37.6697628
55.6315017 37.4784951
55.979331 37.1663502
55.6555974 37.7543238
55.7450637 37.4886468
55.7555647 37.8137348
55.7530671 37.6541185
55.7515772 37.799813
55.736826 37.6171977
55.6590305 37.7459584
55.7345209 37.6417788
55.7102261 37.8520719
55.7122775 37.521272
55.7373684 37.6283667
55.7340788 37.659359
55.6788314 37.6650665
55.603771 37.5516398
55.7411658 37.4998855
55.852162 37.505067
55.907607 37.588674
55.8729134 37.5108059
55.74262 37.698456
55.6451148 37.7387879
55.7331978 37.403228
55.5661829 37.5694273
55.6363789 37.53241
55.8581163 37.6817083
55.8932098 37.6741892
55.5984845 37.5821122
55.7658508 37.6201388
55.820049 37.446419
55.8157552 37.619402
55.6359478 37.7423765
55.7592374 37.697257
55.6219471 37.6015259
55.7744772 37.8428485
55.7000323 37.8565352
55.8135047 37.8277422
55.6797748 37.6360844
55.7810948 37.7182545
55.6758323 37.6620993
55.8007165 37.482106
55.8221714 37.4449017
55.8178445 37.397927
55.7134375 37.690429
55.9975914 37.2274288
55.7953771 37.4846669
55.8513286 37.3446785
55.7405694 37.7680752
55.888725 37.643013
55.7824307 37.4403628
55.3084284 37.185573
55.8695518 37.5047005
55.7629462 37.7332991
55.7276816 37.6133504
55.8117094 37.502536
55.7527444 37.7842323
55.6285882 37.475474
55.765964 37.8218047
55.7025676 37.581545
55.549126 37.5626284
55.759927 37.614132
55.5398121 37.5130245
55.8520287 37.6474769
55.6921018 37.5746209
55.793095 37.808716
55.6031181 37.5413672
55.7463675 37.6303646
55.7583694 37.6945477
55.537084 37.577183
55.6948554 37.803116
55.7757628 37.6214399
55.7646605 37.5646021
55.725634 37.6430586
55.7382978 37.6733369
55.7721607 37.597287
55.7532567 37.5027603
55.7683505 37.5954631
56.0102261 37.1959091
55.7643172 37.6026265
55.7041673 37.7704714
55.6446158 37.4127548
55.7483576 37.4235991
55.8007671 37.6462875
55.6594107 37.7771169
55.574981 37.655203
55.8992239 37.6183828
55.5376214 37.5413544
55.8119023 37.8136568
55.6802032 37.4489875
55.7871 37.570644
55.8238724 37.5208329
55.574645 37.600415
55.8792982 37.6847977
55.70233 37.8129255
55.5401612 37.5551469
55.789706 37.7116713
55.7500701 37.5805259
55.6055337 37.3539725
55.5024586 37.5987188
55.7036668 37.6835495
55.7227154 37.6749348
55.780365 37.7054661
55.7616304 37.6348794
55.8324657 37.5962395
55.655838 37.479277
55.7669661 37.6256008
55.7121421 37.4562124
55.610387 37.292472
55.8384206 37.4928083
55.6786556 37.7816872
55.7886397 37.6372124
55.836463 37.3975325
55.6994801 37.6916904
55.636636 37.588233
55.8164227 37.5820332
55.7203307 37.6366699
55.675346 37.541386
55.7577959 37.406796
55.7637749 37.7320194
55.6411201 37.7687952
55.7410476 37.6288546
55.741737 37.62582
55.802315 37.529259
55.733898 37.714941
55.7963015 37.8078614
55.5080107 37.567762
55.7626689 37.6339264
55.8613381 37.5818442
55.807744 37.50875
55.7903972 37.6826174
55.8307852 37.6119867
55.7483988 37.7173828
55.7526899 37.5564178
55.7820919 37.5445895
55.6814085 37.654478
55.6169255 37.681531
55.8678761 37.6387332
55.7384033 37.6744578
55.7782298 37.5116689
55.7347171 37.6279824
55.8665172 37.5411019
55.8842637 37.6094812
55.726794 37.5576867
55.6567933 37.5972082
55.8133533 37.632791
55.7847192 37.6797039
55.5977593 37.4596286
55.7231826 37.4437092
55.7643702 37.6284086
55.713262 37.884883
55.787189 37.566386
55.8335681 37.6556826
55.86552 37.5532717
55.7878565 37.4943148
55.7106303 37.6073771
55.8084428 37.7708974
55.7175769 37.6280323
55.6459364 37.3366163
55.8196375 37.564378
55.924255 37.388736
55.80649 37.5881581
55.7583307 37.6299341
55.8549086 37.410961
55.8491109 37.6532963
55.747485 37.496776
55.7394106 37.65513
55.691983 37.622971
55.8507719 37.4253307
55.7911159 37.3886894
55.8880054 37.6645133
55.7945015 37.7059549
55.6124093 37.5300437
55.6564052 37.5972146
55.5876011 37.6494248
55.746959 37.6468322
55.7098042 37.6704646
55.836711 37.638081
55.7052219 37.7718268
55.7603218 37.5968843
55.590597 37.647316
55.9007186 37.5281726
55.640914 37.526834
55.8161845 37.6365347
55.7681858 37.6168776
55.7999069 37.5058436
55.5903992 37.3731266
55.650709 37.621282
55.7758 37.4813568
55.5966372 37.6205475
55.6038657 37.337423
55.8834723 37.5063691
55.7729214 37.5916727
55.7062713 37.6831681
55.7626289 37.5889825
55.5116958 37.5714647
55.737345 37.618668
55.7540471 37.620405
55.8951245 37.5584181
55.679997 37.6419342
55.596211 37.1144859
55.7805759 37.6024101
55.7233144 37.6961562
55.6200677 37.6962459
55.6404606 37.3966776
55.6205427 37.6711845
55.7909509 37.391834
55.6709453 37.5060606
55.645852 37.389059
55.7524737 37.8203679
55.7146001 37.7908673
55.7540471 37.620405
55.7371565 37.5632944
55.8137619 37.5594887
55.6102579 37.6554411
55.8818444 37.6556897
55.8649903 37.4742939
55.7498132 37.5810958
55.7529391 37.6716155
55.6601039 37.608539
55.7845177 37.4570775
55.550066 37.507933
55.5791903 37.1676704
55.7832183 37.5668438
55.7084964 37.4703025
55.7642032 37.6180658
55.8255487 37.5698288
55.619544 37.416251
55.798896 37.5643693
55.7725082 37.6782858
55.8327521 37.4920477
55.7636428 37.5961055
55.7386798 37.6592561
55.8513276 37.4212951
55.705924 37.638494
55.7319115 37.6077496
55.49493 37.515874
55.4795729 37.5626258
55.8364134 37.6296197
55.8140342 37.6563832
55.8805523 37.6941638
55.7676389 37.6158872
55.558838 37.496119
55.7494665 37.8245574
55.8303444 37.4504964
55.7846645 37.6603013
55.6697823 37.5581748
55.731754 37.625487
55.7763555 37.4746838
55.8604997 37.6028623
55.7940581 37.5184182
55.7540471 37.620405
55.6066343 37.7085462
55.8435117 37.5221541
55.6580205 37.4704937
55.448403 37.2901026
55.7576459 37.5347066
55.6372695 37.7923584
55.7503395 37.6646968
55.6555261 37.7645234
55.7169814 37.6236963
55.79016 37.813693
55.886105 37.541413
55.7336246 37.4803562
55.8614144 37.6798001
55.7140083 37.7860753
55.7817597 37.6344017
55.7869783 37.579554
55.6993836 37.5060758
55.7343193 37.425304
55.805802 37.4658597
55.6074331 37.1953633
55.8730656 37.7170248
55.6519431 37.6046335
55.7399424 37.6301386
55.7113 37.732934
55.7936493 37.6633052
55.7535515 37.6116651
55.6854172 37.673653
55.315786 37.17853
55.981112 37.176922
